2.485150825994013246e+01, 2.870960096191423006e+01, 7.914182917774671644e+00, 7.285429628955700565e+00, -1.690984845211794374e+00, 1.089465934989261919e+00, 8.571912591734152542e+00, 1.390580664053945981e+00, -7.969621384427284516e-01, -4.378642391838146075e+00, 9.694033590732622940e+00, -3.835505235594230289e+00, 5.341335765015563508e-01, 7.507906565190864967e+00, 6.188203298856235435e+00
2.870960096191422295e+01, 6.368514413614404646e+01, 2.112386614619319758e+00, 5.680132790269037280e+00, -4.557419122809512224e+00, 9.136642526420507560e-01, 1.487301209981114880e+01, 2.528355222124279766e+00, -1.940386007792726630e+00, 2.785660225979384119e+00, 5.829615444928855084e+00, -1.322838479210018114e+01, -8.431587464078100780e+00, 2.069666748675684431e+01, 8.445034563529253191e+00
7.914182917774674308e+00, 2.112386614619320646e+00, 6.492732249435167091e+01, -1.696922713187188592e+01, -4.059956749068061477e+00, -2.169658328243373546e+01, 1.819166591452195281e+00, -3.014691468086926118e+00, -9.903515219199116260e+00, -7.727393797140317488e+00, 1.395141063423487005e+01, 1.329862361089431788e+00, 5.868227799481525508e+00, -2.903244798520391967e+00, 2.310332916674012083e+01
7.285429628955699677e+00, 5.680132790269037280e+00, -1.696922713187188947e+01, 1.092257634985920731e+02, -3.870238562198289145e+01, -2.164601494177043506e+01, -7.786378701628647647e+00, -2.399319309166192227e+01, -2.848575364807237609e+00, -7.692041541898410273e+00, -4.067742682036788793e+00, -6.478562200068974652e-01, 1.284175401730012211e+00, 2.056728013449841086e+01, 1.386590214964950896e+01
-1.690984845211797039e+00, -4.557419122809514889e+00, -4.059956749068056148e+00, -3.870238562198291277e+01, 1.701871695266830500e+02, -6.619760122923086954e+01, -3.947226318129906986e+01, -1.199820364879531454e+01, -5.762575108770337629e+00, -6.649895457557770229e+00, 5.052388313053431806e-02, 1.703938792692367343e+01, -5.855937796877716650e+00, -1.416467268083067843e+01, 1.693904934012972774e+01
1.089465934989270357e+00, 9.136642526420658550e-01, -2.169658328243373546e+01, -2.164601494177039243e+01, -6.619760122923088375e+01, 3.209429507977719709e+02, -6.158275856935833303e+01, -5.466622349382583224e+01, -4.005695508485958811e+01, -5.520168042307778933e+01, -5.460571943258931249e+00, -1.479721126979253221e+01, -3.663163326948334353e-01, 1.316028909543411274e+01, 2.006691575365248070e+01
8.571912591734168529e+00, 1.487301209981117545e+01, 1.819166591452194615e+00, -7.786378701628600574e+00, -3.947226318129909828e+01, -6.158275856935834014e+01, 3.989525124672098855e+02, -1.027997257085233827e+02, -4.207481079778528965e+01, -7.761946679594038301e+01, -7.412926244085632277e+01, -1.325669891555087787e+01, 1.787844551686472627e+01, 1.268010499225812993e+01, 1.030602580429310677e+01
1.390580664053932214e+00, 2.528355222124236246e+00, -3.014691468086916348e+00, -2.399319309166197911e+01, -1.199820364879531631e+01, -5.466622349382574697e+01, -1.027997257085233827e+02, 5.834587432093468351e+02, -1.684485068230695219e+02, -6.855566301383940697e+01, -4.482158061960781481e+01, -6.006125233116016915e+01, -2.749272708219089978e+01, 4.057954765493906102e+00, 1.606418456939531003e+00
-7.969621384427603150e-01, -1.940386007792755052e+00, -9.903515219199100272e+00, -2.848575364807238053e+00, -5.762575108770420229e+00, -4.005695508485941048e+01, -4.207481079778531807e+01, -1.684485068230696356e+02, 8.001485958473447226e+02, -1.404529054362857892e+02, -9.731207320336238809e+01, -5.698348148510532241e+01, -1.033751817320366087e+02, -6.091185291718279160e+01, -1.845507573312198701e+01
-4.378642391838146075e+00, 2.785660225979341043e+00, -7.727393797140305942e+00, -7.692041541898506196e+00, -6.649895457557613909e+00, -5.520168042307801670e+01, -7.761946679594045406e+01, -6.855566301383875327e+01, -1.404529054362861586e+02, 1.018402232629334435e+03, -1.732805032892867132e+02, -1.475111711626135502e+02, -9.072292638626313988e+01, -9.831454295030719948e+01, -9.880618013824292234e+01
9.694033590732628269e+00, 5.829615444928889723e+00, 1.395141063423489491e+01, -4.067742682036691093e+00, 5.052388313066020348e-02, -5.460571943258901051e+00, -7.412926244085601013e+01, -4.482158061960851114e+01, -9.731207320336233124e+01, -1.732805032892869121e+02, 1.122528751607514778e+03, -1.919065222164316822e+02, -1.934681741681162919e+02, -1.416339579985918533e+02, -1.529729321032367011e+02
-3.835505235594232953e+00, -1.322838479210023799e+01, 1.329862361089354517e+00, -6.478562200070517862e-01, 1.703938792692368054e+01, -1.479721126979201351e+01, -1.325669891555145163e+01, -6.006125233116031126e+01, -5.698348148510383027e+01, -1.475111711626148008e+02, -1.919065222164299485e+02, 1.352739821462932696e+03, -3.443636719352624027e+02, -2.900781119862979835e+02, -2.193317326942885188e+02
5.341335765015559067e-01, -8.431587464078054595e+00, 5.868227799481594786e+00, 1.284175401730027533e+00, -5.855937796877794810e+00, -3.663163326953935428e-01, 1.787844551686555761e+01, -2.749272708219157124e+01, -1.033751817320383566e+02, -9.072292638626073824e+01, -1.934681741681148708e+02, -3.443636719352639375e+02, 1.642979287000252498e+03, -4.435536730235053255e+02, -4.479437900430444301e+02
7.507906565190879178e+00, 2.069666748675689760e+01, -2.903244798520411063e+00, 2.056728013449835757e+01, -1.416467268083082054e+01, 1.316028909543405767e+01, 1.268010499225818677e+01, 4.057954765494846683e+00, -6.091185291718143446e+01, -9.831454295030827950e+01, -1.416339579985912280e+02, -2.900781119862969035e+02, -4.435536730235092477e+02, 1.842937915830962766e+03, -8.651079466001106084e+02
6.188203298856262080e+00, 8.445034563529228322e+00, 2.310332916674012438e+01, 1.386590214964962975e+01, 1.693904934012975261e+01, 2.006691575365259439e+01, 1.030602580429266091e+01, 1.606418456939507466e+00, -1.845507573312270466e+01, -9.880618013824270918e+01, -1.529729321032404528e+02, -2.193317326942867282e+02, -4.479437900430403943e+02, -8.651079466001122000e+02, 1.648478171875156704e+03
