2.468303974330711270e+01, 3.171627481960122097e+01, 6.094505090931059854e+00, 4.688117094635334325e+00, 1.305160413770551919e+00, 2.604931257587280058e+00, -3.801393568168546899e+00, -3.277722438707816544e+00, -8.158923635148880749e+00, 8.506427122898911009e+00, -3.380774303127630720e+00, 9.369335058715403619e+00, 7.807656192783687388e+00, 1.324675388510464380e+01, 6.041475970342192525e+00
3.171627481960122807e+01, 7.526036759829351297e+01, 1.831616728327322585e+00, 5.466457263537900069e+00, 6.362884459069962695e+00, -9.506467728860664712e-01, -1.219464604928298357e+01, -6.781681839091026731e+00, -7.435987782741338314e+00, 1.163356081373418505e+01, -9.919692277441527040e+00, 1.276869702148908203e+01, 8.171585020036966185e+00, 2.225735029492157580e+01, 2.009133349771732924e+01
6.094505090931063407e+00, 1.831616728327325694e+00, 7.110593170301926591e+01, -1.954570697926929412e+01, -1.355462122713644035e+01, -7.419203735572669878e+00, -8.662751584222907475e-01, -9.730061604589494095e+00, -1.676081194682633679e+01, -3.892635613830097707e+00, -1.202609312981095080e+01, 7.524384022291514817e+00, -2.019876169917361963e+00, 4.149312497276369527e+00, 2.617079121210846537e+01
4.688117094635336102e+00, 5.466457263537898292e+00, -1.954570697926930123e+01, 9.409008128050301423e+01, -2.818121790017103834e+01, -1.619434531293996216e+01, -1.054357361498396450e+01, -3.023861902966710247e+01, -8.358913268519302164e+00, 9.729990564843189915e+00, -1.764380982960841893e+00, 2.727704734479370896e-01, 3.415785478642214912e+01, 8.625530309816760166e+00, -1.296775587053700107e+01
1.305160413770551697e+00, 6.362884459069964471e+00, -1.355462122713644746e+01, -2.818121790017104900e+01, 2.009213932158813805e+02, -8.331778370347902296e+01, -4.878458893341515790e+01, -4.309576416391548292e+01, 1.193690827052645531e+01, -1.224437868078139147e+00, -1.559638823578806921e+01, 4.072594495795662795e+00, -2.301671397726153145e+01, 3.612610643007265310e+01, 2.886657403235098585e+01
2.604931257587286719e+00, -9.506467728860581445e-01, -7.419203735572646785e+00, -1.619434531293996926e+01, -8.331778370347899454e+01, 3.272737978518561590e+02, -5.974233126587024145e+01, -1.651374642363613177e+01, -7.617910167093533857e+01, -2.105766806222522547e+01, 6.822860900645885351e+00, -2.719212010735386542e+01, -6.284802395803293251e+00, -1.537269870630326274e+01, 1.446619206092938548e+01
-3.801393568168553116e+00, -1.219464604928299067e+01, -8.662751584222913026e-01, -1.054357361498397694e+01, -4.878458893341513658e+01, -5.974233126587029830e+01, 3.833174364830910008e+02, -9.146258018176274618e+01, -5.549544449065593454e+01, -7.789909203704090146e+01, -1.843234228756933035e+01, -2.723306165855383654e+01, 1.900670870732036732e+01, -1.088756268853749987e+01, -2.407834511998829807e+00
-3.277722438707819652e+00, -6.781681839091051600e+00, -9.730061604589513635e+00, -3.023861902966708115e+01, -4.309576416391551135e+01, -1.651374642363607137e+01, -9.146258018176270355e+01, 6.192922887945874209e+02, -1.125755708032883291e+02, -9.872926030794972974e+01, -6.096998898600566008e+01, -1.009685914955982611e+01, -5.885003565585344631e+01, -5.867336321736026150e+01, -4.475709382011577198e+00
-8.158923635148887854e+00, -7.435987782741332985e+00, -1.676081194682634035e+01, -8.358913268519287953e+00, 1.193690827052646597e+01, -7.617910167093529594e+01, -5.549544449065606244e+01, -1.125755708032883859e+02, 7.820502737562211450e+02, -1.721086679101329935e+02, -1.319005848751703240e+02, -4.699695811126446898e+01, -5.557109163391080386e+01, -6.747004787378148016e+00, -6.639903032663556814e+01
8.506427122898944759e+00, 1.163356081373419926e+01, -3.892635613830068841e+00, 9.729990564843159717e+00, -1.224437868078156910e+00, -2.105766806222516507e+01, -7.789909203704097251e+01, -9.872926030794941710e+01, -1.721086679101331356e+02, 1.060877402926230388e+03, -2.207882568054737931e+02, -1.660448606776617453e+02, -1.156008353032997036e+02, -3.391455259803192490e+01, -9.457440315867793856e+01
-3.380774303127610736e+00, -9.919692277441484407e+00, -1.202609312981092060e+01, -1.764380982960830568e+00, -1.559638823578814915e+01, 6.822860900645957294e+00, -1.843234228756909232e+01, -6.096998898600590167e+01, -1.319005848751706935e+02, -2.207882568054735373e+02, 1.186674393448370893e+03, -1.948053474859273422e+02, -2.389979696240899898e+02, -1.898884147909013222e+02, -9.811738135771351210e+01
9.369335058715373421e+00, 1.276869702148898966e+01, 7.524384022291479290e+00, 2.727704734479610149e-01, 4.072594495795556213e+00, -2.719212010735358476e+01, -2.723306165855357719e+01, -1.009685914956009434e+01, -4.699695811126461109e+01, -1.660448606776614042e+02, -1.948053474859274843e+02, 1.409891728131372247e+03, -2.917353177015526740e+02, -3.061264188066668339e+02, -2.904833813961973306e+02
7.807656192783686500e+00, 8.171585020036969738e+00, -2.019876169917357078e+00, 3.415785478642211359e+01, -2.301671397726127211e+01, -6.284802395803414932e+00, 1.900670870732047391e+01, -5.885003565585412844e+01, -5.557109163391088202e+01, -1.156008353032998883e+02, -2.389979696240895635e+02, -2.917353177015516508e+02, 1.739829932734284057e+03, -4.995606903062969195e+02, -4.588217368483135488e+02
1.324675388510458518e+01, 2.225735029492144434e+01, 4.149312497276344658e+00, 8.625530309816834773e+00, 3.612610643007242572e+01, -1.537269870630332314e+01, -1.088756268853755138e+01, -5.867336321736022597e+01, -6.747004787377607116e+00, -3.391455259803228017e+01, -1.898884147909002138e+02, -3.061264188066680276e+02, -4.995606903062953279e+02, 1.867744237578029697e+03, -7.749163702771601265e+02
6.041475970342242263e+00, 2.009133349771743227e+01, 2.617079121210848314e+01, -1.296775587053707746e+01, 2.886657403235113861e+01, 1.446619206092910837e+01, -2.407834511999098481e+00, -4.475709382010605530e+00, -6.639903032663561078e+01, -9.457440315867795277e+01, -9.811738135771467739e+01, -2.904833813961967621e+02, -4.588217368483144583e+02, -7.749163702771589897e+02, 1.684342157191033948e+03
