2.018366083690206381e+01, 2.263211339545813061e+01, 9.416916466098983918e+00, -2.385032243846333166e+00, 8.971481890931929382e-01, -1.302711762890854441e+00, 2.276772656468941669e+00, -2.651312098470150147e+00, 3.918713756559188077e+00, 1.425340427433402368e+01, -2.009723317515881291e+00, -7.727986924413693615e+00, 2.447923120709376121e+00, 8.141851012523114051e+00, 7.756273475494619429e-01
2.263211339545813416e+01, 5.737104995020313680e+01, 1.113938178721964789e+01, -5.237970555220243796e+00, -4.665150831061293246e+00, -5.059045755940647204e+00, 3.307706277531075045e+00, -3.876192050222874830e+00, -1.248553588762121436e+01, 2.077461530633018683e+01, -1.081775218478885359e+00, -1.100414602388900143e+01, 1.375745757674023517e+00, 1.477883498046133326e+01, 1.245270432277338202e+01
9.416916466098983918e+00, 1.113938178721964434e+01, 6.527183689355261720e+01, -1.910135657738799608e+01, -1.574728769263598238e+01, -1.473014008618489523e+00, -9.987495589328940326e+00, -5.573162400646113568e+00, 4.351095702647006291e+00, 1.210059368639272570e+01, -1.377900446246883848e-02, 1.425643004566754524e+00, -5.428191290801525071e-01, 3.807357537736874686e+00, 3.512977183386878366e-01
-2.385032243846332278e+00, -5.237970555220244684e+00, -1.910135657738800319e+01, 9.305429302125865831e+01, -2.719962720022534697e+01, -2.545513488999350571e+01, -5.067497805140730449e+00, 6.525484477454578602e+00, -1.508502171323627294e+01, -8.627184109988945693e+00, 6.036852052029086479e+00, 2.586459253477482623e+00, 3.117687188143997190e+01, 3.534591689805412162e+00, -1.534486974364798861e+01
8.971481890931912728e-01, -4.665150831061295023e+00, -1.574728769263598238e+01, -2.719962720022536828e+01, 1.733814228226096361e+02, -5.616615599960436356e+01, -3.062464777785572423e+01, -2.630581002337270036e+01, -1.238396000846394784e+01, -2.809868208492382724e+00, 1.035753914053406888e+01, 2.619576767960975161e+00, -9.463509169958056466e-01, 8.832555249363598371e-01, 5.777701181224665916e+00
-1.302711762890850666e+00, -5.059045755940648093e+00, -1.473014008618485526e+00, -2.545513488999348795e+01, -5.616615599960440619e+01, 3.203772735393268363e+02, -8.766195392243349715e+01, -5.500153889414063002e+01, -4.825038137428381901e+01, -1.974002920212868517e+01, -4.113482111513036443e+01, -1.102241388918349507e+01, 2.742760222103436263e+01, -4.253435015130098584e+00, 3.164718409873805882e+01
2.276772656468927014e+00, 3.307706277531072825e+00, -9.987495589328942103e+00, -5.067497805140739331e+00, -3.062464777785569581e+01, -8.766195392243355400e+01, 3.987607300613595953e+02, -7.679843288070519236e+01, -8.189794082487524918e+01, -4.847124104242461584e+01, -1.444317506382828142e+01, -1.835934875150649503e+01, -2.009165077689754497e+01, -7.081721395462088786e+00, 2.424061928697203427e+01
-2.651312098470153700e+00, -3.876192050222861507e+00, -5.573162400646109127e+00, 6.525484477454574161e+00, -2.630581002337263641e+01, -5.500153889414077213e+01, -7.679843288070507867e+01, 5.651476146875210134e+02, -1.608967620327429700e+02, -1.058650479530400901e+02, -4.303085233317963798e+01, -3.456121506664627674e+01, -7.520083996774730828e+00, 2.364667658223099167e+01, -4.436994113030177544e+01
3.918713756559212502e+00, -1.248553588762121258e+01, 4.351095702646991192e+00, -1.508502171323626584e+01, -1.238396000846394962e+01, -4.825038137428386875e+01, -8.189794082487509286e+01, -1.608967620327431973e+02, 8.499013696330982839e+02, -1.843909223123562526e+02, -1.027316711631745250e+02, -6.413792590776992597e+01, -8.570142848523128976e+01, -2.813991155323944682e+01, -3.277934973148847320e+01
1.425340427433401658e+01, 2.077461530633017261e+01, 1.210059368639271682e+01, -8.627184109988927929e+00, -2.809868208492477315e+00, -1.974002920212857859e+01, -4.847124104242487874e+01, -1.058650479530395074e+02, -1.843909223123561105e+02, 1.040501954033109314e+03, -2.134813050016950058e+02, -1.331926827616640594e+02, -1.446149073851088929e+02, -9.883739790586197671e+01, -3.441065220388568946e+01
-2.009723317515892393e+00, -1.081775218478876033e+00, -1.377900446243793611e-02, 6.036852052029089144e+00, 1.035753914053422520e+01, -4.113482111513011574e+01, -1.444317506382905769e+01, -4.303085233317938929e+01, -1.027316711631756192e+02, -2.134813050016937552e+02, 1.143904362310143370e+03, -2.719465913576336220e+02, -1.240217197810326155e+02, -1.669227982460491546e+02, -1.473295452266440861e+02
-7.727986924413698056e+00, -1.100414602388906182e+01, 1.425643004566736538e+00, 2.586459253477505271e+00, 2.619576767960790420e+00, -1.102241388918356968e+01, -1.835934875150705636e+01, -3.456121506664618437e+01, -6.413792590776775171e+01, -1.331926827616653952e+02, -2.719465913576319167e+02, 1.358820211750721228e+03, -2.704141067405296326e+02, -3.160043605657351122e+02, -2.293049568037969550e+02
2.447923120709405431e+00, 1.375745757674066372e+00, -5.428191290801647195e-01, 3.117687188143993637e+01, -9.463509169957705636e-01, 2.742760222103421697e+01, -2.009165077689685575e+01, -7.520083996774674873e+00, -8.570142848523137502e+01, -1.446149073851092339e+02, -1.240217197810348466e+02, -2.704141067405302579e+02, 1.692294321162529286e+03, -5.248964643218437232e+02, -5.317320785595519510e+02
8.141851012523130038e+00, 1.477883498046132793e+01, 3.807357537736856923e+00, 3.534591689805388626e+00, 8.832555249364432148e-01, -4.253435015130669683e+00, -7.081721395460507829e+00, 2.364667658223035218e+01, -2.813991155323977722e+01, -9.883739790586380991e+01, -1.669227982460456303e+02, -3.160043605657369881e+02, -5.248964643218456558e+02, 1.793911604931914781e+03, -7.264277127425258413e+02
7.756273475494122049e-01, 1.245270432277340689e+01, 3.512977183387256397e-01, -1.534486974364799750e+01, 5.777701181224599303e+00, 3.164718409873873028e+01, 2.424061928697094004e+01, -4.436994113030173992e+01, -3.277934973148926900e+01, -3.441065220388303914e+01, -1.473295452266469852e+02, -2.293049568037929760e+02, -5.317320785595525194e+02, -7.264277127425276603e+02, 1.611878804668803468e+03
