2.440538140203686268e+01, 2.732547009087777212e+01, 7.854209393252522098e+00, 1.618115490437602499e+00, 6.006966469415403687e+00, 9.267395720636127932e-01, 5.035164462551615649e+00, 2.062852914473720101e-01, -6.442078388021014845e+00, 5.643393099219295550e+00, -3.289053387961466957e+00, 2.866931852934206049e+00, -2.390691324197938616e+00, 8.228329470356959163e+00, 1.885557230307284948e+00
2.732547009087777568e+01, 6.416530422562576064e+01, 4.287708552895266756e+00, -3.832601813381644629e+00, 7.075999215924928087e+00, 4.901243717866463179e+00, 3.667726437518084914e+00, -8.475362827425552581e+00, 2.323889003917934681e-01, 1.650836348440249779e+01, 1.372368616463144120e+00, 7.988520492310720478e+00, -5.750345343470813830e+00, 2.421163944838089943e+00, 2.067192495828118037e+00
7.854209393252522986e+00, 4.287708552895267644e+00, 6.093278343491416393e+01, -1.797591212774207392e+01, -6.936380476061365208e+00, -3.352799210803386054e-01, -7.550856016646777746e+00, -2.245709471652107769e+00, -5.750881353821341690e+00, -5.881243897171149371e+00, 6.944804584785496893e+00, -3.151065561801168258e+00, 8.728691592807372501e+00, 8.392976027714802001e+00, 2.738024212605810526e+00
1.618115490437605164e+00, -3.832601813381643296e+00, -1.797591212774207747e+01, 1.067771326705255603e+02, -3.269963967210080824e+01, -1.390934146717287412e+01, -1.242308340700840930e+01, -4.568866400774042269e+00, -1.724882729454048658e+01, -5.993705444087105150e+00, 4.660316770568592837e+00, -1.102891392348752575e+01, 1.694190084356546322e+01, -6.022165547050478906e+00, 1.338699675617450424e+01
6.006966469415401910e+00, 7.075999215924925423e+00, -6.936380476061370537e+00, -3.269963967210079403e+01, 1.928565981246953527e+02, -7.225816481683537518e+01, -2.334907083900968683e+00, -1.921538771424084402e+01, -1.416190138213668526e+01, -4.469614464520479835e+00, -1.903500660972638414e+01, 1.403298641359442733e+01, 6.189815601512501431e+00, -4.657062565138482491e+00, 4.859696681457499778e+00
9.267395720635991374e-01, 4.901243717866452521e+00, -3.352799210803247276e-01, -1.390934146717285280e+01, -7.225816481683538939e+01, 3.049798136999057192e+02, -8.349556760794909849e+01, -5.408393121049741126e+01, -3.239025459907663418e+01, 1.310815264198432395e+01, -4.183811044140895774e+00, -3.925446816305959175e+01, -1.962092887449029277e+01, 2.204754065467217572e+01, 3.936944688550800819e+00
5.035164462551620090e+00, 3.667726437518120886e+00, -7.550856016646792845e+00, -1.242308340700841462e+01, -2.334907083900982450e+00, -8.349556760794915533e+01, 3.630723935292601823e+02, -8.497310687473630253e+01, -6.675610753984877022e+01, -4.457988931357737528e+01, -8.939268388620748240e+00, 3.638405595953533300e+00, 7.671216833600146501e+00, -5.869293561073018139e+01, 2.800323106409107154e+01
2.062852914473650434e-01, -8.475362827425582779e+00, -2.245709471652078904e+00, -4.568866400774038716e+00, -1.921538771424076231e+01, -5.408393121049747521e+01, -8.497310687473621726e+01, 5.098240040680414040e+02, -1.726539835978730366e+02, -8.005499736018943224e+01, -4.960495435201360692e+01, -1.440676995734437860e+01, -1.178960677155573178e+00, -1.806990845965185244e+01, 7.035326313075758620e+00
-6.442078388020992641e+00, 2.323889003918342688e-01, -5.750881353821332809e+00, -1.724882729454055053e+01, -1.416190138213671723e+01, -3.239025459907667681e+01, -6.675610753984844337e+01, -1.726539835978731219e+02, 8.216306860396180127e+02, -2.025596806122138105e+02, -9.259345485637172146e+01, -7.679067646520825008e+01, -4.951048151741586167e+01, -2.787919326141846454e+01, -4.231850587581112677e+01
5.643393099219295550e+00, 1.650836348440242674e+01, -5.881243897171162693e+00, -5.993705444087117584e+00, -4.469614464520600627e+00, 1.310815264198493502e+01, -4.457988931357808582e+01, -8.005499736018850854e+01, -2.025596806122136968e+02, 1.048389650812777290e+03, -2.837129645117036603e+02, -1.583367557398345582e+02, -1.172961604984135846e+02, -5.292633796957615289e+01, -4.880919966258515075e+01
-3.289053387961479835e+00, 1.372368616463144342e+00, 6.944804584785451596e+00, 4.660316770568705635e+00, -1.903500660972626690e+01, -4.183811044141943825e+00, -8.939268388620495998e+00, -4.960495435201401193e+01, -9.259345485637130935e+01, -2.837129645117008749e+02, 1.216259637042993745e+03, -2.479746479470709914e+02, -2.293909505925220742e+02, -1.084952015570123791e+02, -1.559062252874927310e+02
2.866931852934179847e+00, 7.988520492310693832e+00, -3.151065561801183357e+00, -1.102891392348754884e+01, 1.403298641359410226e+01, -3.925446816305872488e+01, 3.638405595952477256e+00, -1.440676995734285626e+01, -7.679067646520819324e+01, -1.583367557398347572e+02, -2.479746479470715030e+02, 1.439314040980518257e+03, -3.869415311101204225e+02, -2.477008188032386045e+02, -2.435562739968320614e+02
-2.390691324197886658e+00, -5.750345343470746329e+00, 8.728691592807491517e+00, 1.694190084356547032e+01, 6.189815601512850485e+00, -1.962092887449085410e+01, 7.671216833600234430e+00, -1.178960677158683135e+00, -4.951048151741707670e+01, -1.172961604984126751e+02, -2.293909505925238079e+02, -3.869415311101159318e+02, 1.758531732742295162e+03, -5.272403724006722996e+02, -4.421615692722820654e+02
8.228329470356905873e+00, 2.421163944838072624e+00, 8.392976027714770026e+00, -6.022165547050418510e+00, -4.657062565138732957e+00, 2.204754065467235691e+01, -5.869293561072983323e+01, -1.806990845965223613e+01, -2.787919326142019116e+01, -5.292633796957854742e+01, -1.084952015570054726e+02, -2.477008188032350233e+02, -5.272403724006825314e+02, 1.794323807045215972e+03, -8.297832555889468722e+02
1.885557230307339349e+00, 2.067192495828170884e+00, 2.738024212605787877e+00, 1.338699675617436213e+01, 4.859696681457577938e+00, 3.936944688550803928e+00, 2.800323106409178919e+01, 7.035326313077478133e+00, -4.231850587580875356e+01, -4.880919966258546339e+01, -1.559062252874953458e+02, -2.435562739968394794e+02, -4.421615692722722883e+02, -8.297832555889503965e+02, 1.622992900516078407e+03
