2.381724288052899041e+01, 2.743803457229782339e+01, 1.122676103317329321e+01, 9.554522422160330875e-01, 1.083901360741502673e+00, -1.565214775877658004e+00, 3.515416183617270374e+00, 4.568493805205487313e+00, 3.577546549195723902e+00, -1.637396428962747841e+00, -1.975618127524167322e+00, -2.842128442214902684e+00, 5.434468161217687943e+00, 1.111313076172503678e+01, 9.041815775503035724e+00
2.743803457229783405e+01, 5.849805996909071837e+01, 1.007143774593857266e+01, -4.850915452375366144e+00, 1.030691645271458290e+00, -2.316866962096949756e+00, 4.486009123811747656e+00, 8.741964146209349806e+00, 8.842016478463904150e+00, -2.981169291886970996e+00, -1.658242187204767149e+01, -5.394845163372013808e+00, 4.580706044204937655e+00, 1.008279841415712141e+01, 2.314587139360085644e+01
1.122676103317328966e+01, 1.007143774593857088e+01, 6.184192456284289818e+01, -1.808103181722595565e+01, -1.310717645831306655e+01, -1.499630374128245514e+01, 9.962463514510917495e-01, 4.195414214884881865e+00, 6.977794678734538181e+00, -1.267198406937545130e+01, 4.544059281888696233e+00, -7.068323378275285229e+00, 1.104450535898978103e+01, 8.746304757994490586e+00, 1.560222115284246236e+01
9.554522422160329764e-01, -4.850915452375365255e+00, -1.808103181722596275e+01, 9.729894855022895683e+01, -3.011392715289269617e+01, -6.875992461372476328e+00, -8.201484375078464950e+00, -1.323897527076225344e+01, -1.085431445411015083e+01, 4.289763446391654966e+00, -4.019639240057432339e+00, -2.447171848463454147e+00, -1.853540030418175277e+00, 6.099069504484681659e+00, 9.192287386135195248e+00
1.083901360741503783e+00, 1.030691645271460066e+00, -1.310717645831306655e+01, -3.011392715289270328e+01, 1.754317044922563014e+02, -5.839578014701971398e+01, -1.627380880565095822e+01, -1.224671232516408992e+01, -3.444063645470836832e+01, -7.196499588387933244e+00, -1.858409742370903928e+01, 2.101313269997592048e+00, 5.923916633114251207e-01, -5.243912180390592148e+00, 2.648084715457014937e+01
-1.565214775877647124e+00, -2.316866962096949312e+00, -1.499630374128245336e+01, -6.875992461372487874e+00, -5.839578014701967135e+01, 2.996927073444043685e+02, -7.978916004668383266e+01, -5.696114641291930525e+01, -3.794829848076109613e+01, -4.030435034661726235e+01, -1.247036183848238977e+01, 3.440815965194659931e+00, -1.222513354491964499e+01, 2.342967147114041637e+01, 1.860478459858763500e+01
3.515416183617270374e+00, 4.486009123811749433e+00, 9.962463514510934148e-01, -8.201484375078473832e+00, -1.627380880565097598e+01, -7.978916004668384687e+01, 3.773936145674941258e+02, -1.008660258556987657e+02, -7.456556384639269197e+01, -5.681940026346629224e+01, -4.722699223022478776e+01, -1.925396816255560140e+00, 1.204278910479267051e+00, 3.372410462601142456e+01, -2.766075552354852807e+00
4.568493805205489977e+00, 8.741964146209351583e+00, 4.195414214884886306e+00, -1.323897527076224279e+01, -1.224671232516406683e+01, -5.696114641291929814e+01, -1.008660258556987230e+02, 5.511260230504577748e+02, -1.275972276549901068e+02, -9.292844693286350832e+01, -3.783751739342424258e+01, -5.183056943851522647e+01, -1.755132980245520358e+01, -3.121776418064404268e+01, 3.074718704230311062e+01
3.577546549195699921e+00, 8.842016478463897045e+00, 6.977794678734518641e+00, -1.085431445411014373e+01, -3.444063645470836832e+01, -3.794829848076089718e+01, -7.456556384639276303e+01, -1.275972276549900215e+02, 7.791522407923270066e+02, -1.757317285903208699e+02, -7.388498290478776198e+01, -9.169091747574560713e+01, -7.026922020435226557e+01, -2.535062845734798742e+01, -2.724455163323433027e+01
-1.637396428962739181e+00, -2.981169291886986539e+00, -1.267198406937542998e+01, 4.289763446391648749e+00, -7.196499588387923474e+00, -4.030435034661746130e+01, -5.681940026346626382e+01, -9.292844693286312463e+01, -1.757317285903209552e+02, 1.000333635755088608e+03, -1.399794938597104306e+02, -9.480944772143070054e+01, -1.063164251998639998e+02, -1.164727085530416275e+02, -1.396793113508500710e+02
-1.975618127524165102e+00, -1.658242187204762530e+01, 4.544059281888689128e+00, -4.019639240057466978e+00, -1.858409742370908901e+01, -1.247036183848235957e+01, -4.722699223022460302e+01, -3.783751739342431364e+01, -7.388498290478695196e+01, -1.399794938597103169e+02, 1.103019150018105620e+03, -2.073365650248939289e+02, -2.202185585561133507e+02, -1.518819397631696404e+02, -1.259449129229288076e+02
-2.842128442214901796e+00, -5.394845163372089303e+00, -7.068323378275241708e+00, -2.447171848463462140e+00, 2.101313269997539646e+00, 3.440815965194772730e+00, -1.925396816255495303e+00, -5.183056943851517673e+01, -9.169091747574589135e+01, -9.480944772143139687e+01, -2.073365650248929057e+02, 1.332434399548116289e+03, -2.866350064367831010e+02, -2.891459863155612879e+02, -2.629968431878390902e+02
5.434468161217688831e+00, 4.580706044204887029e+00, 1.104450535898977392e+01, -1.853540030418137308e+00, 5.923916633114367780e-01, -1.222513354491961479e+01, 1.204278910478990383e+00, -1.755132980245570806e+01, -7.026922020435182503e+01, -1.063164251998635592e+02, -2.202185585561131518e+02, -2.866350064367810546e+02, 1.718068599891945723e+03, -5.180313923940416316e+02, -4.755901368290622031e+02
1.111313076172505454e+01, 1.008279841415713740e+01, 8.746304757994497692e+00, 6.099069504484624815e+00, -5.243912180390354116e+00, 2.342967147113986215e+01, 3.372410462601135350e+01, -3.121776418064296976e+01, -2.535062845734787373e+01, -1.164727085530420112e+02, -1.518819397631702941e+02, -2.891459863155630501e+02, -5.180313923940384484e+02, 1.867829920489919004e+03, -8.066931278321570744e+02
9.041815775503007302e+00, 2.314587139360087065e+01, 1.560222115284238065e+01, 9.192287386135214788e+00, 2.648084715457011384e+01, 1.860478459858810751e+01, -2.766075552354761324e+00, 3.074718704230239297e+01, -2.724455163323532858e+01, -1.396793113508494457e+02, -1.259449129229284665e+02, -2.629968431878390334e+02, -4.755901368290632831e+02, -8.066931278321559375e+02, 1.698753508316631496e+03
