2.639346176840456693e+01, 2.860193751802609441e+01, 1.412246898380802484e+01, 3.279337537706607186e+00, -8.128357704635899239e+00, 1.494630022073526021e+00, 4.065519833023469864e+00, 1.717069852853078116e+00, 8.624973801507027638e-01, -4.360509755547634647e+00, 3.046845244535956176e+00, -5.225700477379329634e+00, 9.033742711448386586e+00, 5.784550655130392016e+00, 1.627991355051878841e+01
2.860193751802609796e+01, 6.541230341238193091e+01, 9.489261519964694358e+00, 3.509516674814619819e+00, -1.647150130609274044e+01, -5.434132051928669549e-01, 4.165383216067545469e+00, -1.498127709270741459e+00, 5.684412589353040612e-01, -9.426315649361929894e-02, 1.236292325923621593e+00, -5.766737886826544646e+00, 1.033013507584557900e+01, 6.955526495993287206e+00, 2.808161523107542479e+01
1.412246898380802484e+01, 9.489261519964694358e+00, 7.148494877489929422e+01, -1.846276110934082126e+01, -1.799889045598009574e+01, -5.671229746638357661e+00, -4.707820219732589351e+00, -3.764752049045085425e+00, 5.340486288646789426e+00, -8.283235628788713001e+00, 1.850778978109572037e+00, -1.243073849819461563e+00, -6.638225962097960009e-01, -2.751487431959378060e+00, 1.791415715434850853e+01
3.279337537706602745e+00, 3.509516674814615822e+00, -1.846276110934082482e+01, 1.159723694213731022e+02, -3.573101577789465466e+01, -2.588849189049193811e+01, -1.279239097917855794e+01, -1.028330931597036368e+01, -1.001921018586816636e+01, -1.351326252022484375e+01, -9.621344796157362822e+00, 3.129942700861704008e+00, -2.424169397136727522e+00, 1.752442064946663436e+01, 1.811061363961634996e+01
-8.128357704635901015e+00, -1.647150130609275109e+01, -1.799889045598009218e+01, -3.573101577789466177e+01, 1.953290717238344882e+02, -5.132392613025398731e+01, -1.683564277360657258e+01, -1.036513186078537352e+01, -3.788063754304577913e+01, -2.195776670768809424e+01, -1.776248708846425117e+01, -1.211602841532734232e+00, 1.340961661071276367e+01, 2.270657430028996870e+01, -9.877827881803071364e+00
1.494630022073531794e+00, -5.434132051928639573e-01, -5.671229746638356772e+00, -2.588849189049193811e+01, -5.132392613025395889e+01, 3.169637791344966899e+02, -6.852166063697251275e+01, -7.475288095271464783e+01, -3.842376179397818703e+01, -2.368402458570043478e+01, -4.140817074057438418e+01, -2.998950854797283849e+00, -4.959008626820289756e+00, 5.761513235625876916e+00, 2.365061957094695799e+01
4.065519833023459206e+00, 4.165383216067529482e+00, -4.707820219732596456e+00, -1.279239097917856682e+01, -1.683564277360658679e+01, -6.852166063697251275e+01, 3.699041639494029141e+02, -8.200316539183627640e+01, -7.486003281849764335e+01, -5.358124390725315322e+01, -4.166843411136559183e+01, -3.616212697343891946e+00, 1.060815861685928319e+01, 6.912619595170489184e+00, 1.047628902833643316e+01
1.717069852853061906e+00, -1.498127709270748564e+00, -3.764752049045094306e+00, -1.028330931597033526e+01, -1.036513186078542326e+01, -7.475288095271464783e+01, -8.200316539183624798e+01, 5.625717417995131200e+02, -1.257273696752039882e+02, -7.503534458304183374e+01, -8.619316135148324065e+01, -5.845478602726933559e+01, -1.936197806865324722e+01, -4.244365145203378376e+00, 3.251656984377003567e+01
8.624973801507043181e-01, 5.684412589353265988e-01, 5.340486288646797419e+00, -1.001921018586818235e+01, -3.788063754304589992e+01, -3.842376179397788860e+01, -7.486003281849767177e+01, -1.257273696752043435e+02, 7.341589671776999921e+02, -1.200260787272495264e+02, -4.039681806394013108e+01, -9.556138579947845813e+01, -1.027037201896415013e+02, -6.802394683233347905e+01, -2.002339903928253406e+01
-4.360509755547608890e+00, -9.426315649359705284e-02, -8.283235628788709448e+00, -1.351326252022480823e+01, -2.195776670768806582e+01, -2.368402458570038505e+01, -5.358124390725302533e+01, -7.503534458304172006e+01, -1.200260787272499243e+02, 1.003541121533879277e+03, -1.810839563539746564e+02, -1.074584012303151184e+02, -1.148132681354756670e+02, -1.226079340506399973e+02, -1.408105935664819128e+02
3.046845244535969055e+00, 1.236292325923687985e+00, 1.850778978109584916e+00, -9.621344796157405455e+00, -1.776248708846425828e+01, -4.140817074057444813e+01, -4.166843411136572684e+01, -8.619316135148334013e+01, -4.039681806393986818e+01, -1.810839563539738037e+02, 1.212365468729226905e+03, -2.239525953186406468e+02, -1.899578862897486715e+02, -1.815082002178309040e+02, -1.837330218926087184e+02
-5.225700477379292330e+00, -5.766737886826566850e+00, -1.243073849819467114e+00, 3.129942700861624072e+00, -1.211602841532648966e+00, -2.998950854797623577e+00, -3.616212697344469262e+00, -5.845478602726870321e+01, -9.556138579947781864e+01, -1.074584012303147773e+02, -2.239525953186404763e+02, 1.377432250665650145e+03, -3.529396292862713267e+02, -2.704057583687272768e+02, -2.588809570348841476e+02
9.033742711448368823e+00, 1.033013507584555768e+01, -6.638225962097997757e-01, -2.424169397136729298e+00, 1.340961661071285427e+01, -4.959008626820161858e+00, 1.060815861685920325e+01, -1.936197806865353854e+01, -1.027037201896409897e+02, -1.148132681354765907e+02, -1.899578862897495242e+02, -3.529396292862707014e+02, 1.683861373611435283e+03, -4.426810649580587551e+02, -4.263947567861477523e+02
5.784550655130344943e+00, 6.955526495993201941e+00, -2.751487431959364294e+00, 1.752442064946663436e+01, 2.270657430028995094e+01, 5.761513235625495888e+00, 6.912619595170854225e+00, -4.244365145202821488e+00, -6.802394683233362116e+01, -1.226079340506409210e+02, -1.815082002178282039e+02, -2.704057583687284705e+02, -4.426810649580606309e+02, 1.736848079853928766e+03, -6.675195690502592925e+02
1.627991355051879907e+01, 2.808161523107544966e+01, 1.791415715434849076e+01, 1.811061363961641035e+01, -9.877827881803115773e+00, 2.365061957094730971e+01, 1.047628902833667297e+01, 3.251656984376939619e+01, -2.002339903928334408e+01, -1.408105935664813728e+02, -1.837330218926099121e+02, -2.588809570348826696e+02, -4.263947567861467860e+02, -6.675195690502600883e+02, 1.606872761389375682e+03
