2.070693699676125021e+01, 2.266026885293181792e+01, 2.723972089767496829e+00, 7.507623267410883372e+00, -4.762554025792208878e-01, -1.113308597364307317e+01, -3.723613950845361842e+00, -4.297049107391680778e+00, 1.165015080774732592e+00, 8.230760077952567144e+00, 2.156445067711633135e-01, 1.199311143142481439e+00, 4.000432267730614555e+00, 5.435261753054526856e+00, 1.398804986148056173e+01
2.266026885293182502e+01, 6.019261498977787994e+01, -3.310722502858864491e+00, 8.996786596866801489e+00, 1.199545149999187155e+00, -9.974809898805768071e+00, 6.762066296857436321e-01, -1.492116270429623093e+01, -1.421534998742371414e+01, 6.696927818947574274e+00, 2.241673874126507204e+00, 5.820639936374800705e+00, 7.468439644416809742e+00, 7.758397188657593091e+00, 3.150527907549001227e+01
2.723972089767497273e+00, -3.310722502858864491e+00, 6.870994228532126158e+01, -1.445174753517756017e+01, -1.508553216913084682e+01, -1.882579460669314031e+01, -8.374122174613027880e+00, -3.438952395339950896e-01, -8.486398104782361784e+00, -1.352717015124667732e+01, -1.062199803544405619e+01, -1.044367355504928874e+01, 1.737452037456389320e+00, 1.837245143894551802e+01, 2.380318928250305177e+01
7.507623267410885148e+00, 8.996786596866806818e+00, -1.445174753517756017e+01, 1.067026380649884061e+02, -2.144702427623690610e+01, -2.352599075643139770e+01, -2.328634954494318166e+01, -4.907716720261737109e+00, -1.281818940865816892e+01, 1.171832612874108115e+00, 1.471087416460157371e+01, 1.689648844234906022e+01, -7.353796696810548372e-01, -1.794515313028942316e+01, 4.022868908710534597e-01
-4.762554025792252732e-01, 1.199545149999179827e+00, -1.508553216913085393e+01, -2.144702427623694163e+01, 1.961008239287906179e+02, -5.143558935201255622e+01, -4.832287850316772193e+01, -2.602212799012636069e+01, -4.624518862958121979e+00, -4.986850057546885928e+00, -3.069756700409122629e+01, 8.261073520031237294e+00, -1.113798397730174727e+01, 1.658695914539472227e+01, 3.495741522761961040e+00
-1.113308597364306785e+01, -9.974809898805752084e+00, -1.882579460669314741e+01, -2.352599075643134441e+01, -5.143558935201255622e+01, 3.373171065718428849e+02, -6.022481367683295872e+01, -7.324602585123751908e+01, -2.049384381101166142e+01, -4.400202896661552643e+01, -5.983378191041659022e+00, -4.040895767775948855e+01, -2.166125090847002710e+01, 2.109550025530398543e+01, 2.257620994159590566e+01
-3.723613950845361842e+00, 6.762066296857293102e-01, -8.374122174613004788e+00, -2.328634954494317810e+01, -4.832287850316778588e+01, -6.022481367683295161e+01, 4.025764953268561612e+02, -1.036817704215554130e+02, -6.285266785280635560e+01, -3.222605058915719667e+01, -5.007529399342629262e+01, -5.718203659485227064e+01, 1.598170488003146872e+01, 3.671407650721481009e+00, -2.346921651190117686e+01
-4.297049107391680778e+00, -1.492116270429622382e+01, -3.438952395340014734e-01, -4.907716720261788623e+00, -2.602212799012632516e+01, -7.324602585123747645e+01, -1.036817704215554556e+02, 5.805270310950119210e+02, -1.244593980515944196e+02, -8.867673568933990680e+01, -4.364202339866267977e+01, -3.990666104612419218e+01, -5.743432069266838624e+01, -6.447308291175286854e+01, 5.563786680335128665e+01
1.165015080774734146e+00, -1.421534998742370348e+01, -8.486398104782374219e+00, -1.281818940865810141e+01, -4.624518862958247212e+00, -2.049384381101157970e+01, -6.285266785280636981e+01, -1.244593980515944480e+02, 7.869907118901262493e+02, -1.524719384963139817e+02, -9.085098983172164822e+01, -6.383671690719531711e+01, -8.219404999241784537e+01, -7.740434627685202429e+01, -7.557358045335156760e+01
8.230760077952570697e+00, 6.696927818947577826e+00, -1.352717015124667554e+01, 1.171832612874088797e+00, -4.986850057546859283e+00, -4.400202896661549801e+01, -3.222605058915711140e+01, -8.867673568933989259e+01, -1.524719384963140101e+02, 1.029815988964726785e+03, -2.254606841230100258e+02, -1.318274206103058361e+02, -6.802836272464972467e+01, -1.237027780599168096e+02, -1.261703550202322788e+02
2.156445067711820207e-01, 2.241673874126497434e+00, -1.062199803544407928e+01, 1.471087416460159325e+01, -3.069756700409104155e+01, -5.983378191041664351e+00, -5.007529399342678289e+01, -4.364202339866255898e+01, -9.085098983172191822e+01, -2.254606841230094574e+02, 1.148097835371654128e+03, -1.922733562208383091e+02, -1.065978028173350509e+02, -1.962217434657499098e+02, -1.599876911424758816e+02
1.199311143142465452e+00, 5.820639936374811363e+00, -1.044367355504924966e+01, 1.689648844234901759e+01, 8.261073520031354533e+00, -4.040895767775982250e+01, -5.718203659485173063e+01, -3.990666104612432719e+01, -6.383671690719521052e+01, -1.318274206103063477e+02, -1.922733562208388491e+02, 1.346992739306203021e+03, -3.353867684587323765e+02, -2.914292049495714991e+02, -1.691945953145673514e+02
4.000432267730604785e+00, 7.468439644416764445e+00, 1.737452037456426623e+00, -7.353796696810863676e-01, -1.113798397730185563e+01, -2.166125090846997026e+01, 1.598170488003149892e+01, -5.743432069266832229e+01, -8.219404999241771748e+01, -6.802836272464909939e+01, -1.065978028173356478e+02, -3.353867684587323765e+02, 1.658032289280038867e+03, -4.891509713104820776e+02, -4.509462905180130292e+02
5.435261753054482448e+00, 7.758397188657498944e+00, 1.837245143894538302e+01, -1.794515313028935921e+01, 1.658695914539472582e+01, 2.109550025530445438e+01, 3.671407650721123073e+00, -6.447308291175333750e+01, -7.740434627685128532e+01, -1.237027780599166960e+02, -1.962217434657488297e+02, -2.914292049495724655e+02, -4.891509713104821913e+02, 1.968766833934020951e+03, -7.487676671774647730e+02
1.398804986148058660e+01, 3.150527907549008688e+01, 2.380318928250313704e+01, 4.022868908710138247e-01, 3.495741522761925957e+00, 2.257620994159560723e+01, -2.346921651190100633e+01, 5.563786680335169876e+01, -7.557358045335232077e+01, -1.261703550202330035e+02, -1.599876911424755406e+02, -1.691945953145671240e+02, -4.509462905180128018e+02, -7.487676671774645456e+02, 1.712756165750838591e+03
