3.820292979338368866e+01, 3.986049010518073743e+01, 1.421382921099935359e+01, 6.964357344786543891e+00, -1.931229476009230561e+00, 3.838545283765600225e+00, -1.637334958342768543e+00, 8.396685375302482157e+00, -3.020581967181072525e+00, -2.716469082074326913e+00, 8.234798859065691090e+00, 3.413566413579607772e+00, 1.056315102783520743e+01, -5.857494485020033892e+00, 1.332433619500639210e+00
3.986049010518073032e+01, 7.590979232885369754e+01, 1.018850251976768284e+01, 8.669155632812811874e+00, -3.555153925643717461e+00, 1.065743580584754291e+01, 8.863573964360024204e-01, 3.848480584682051120e+00, -9.296542206524746277e+00, 3.598083379439730667e+00, 1.428347850599742763e+01, 4.267965560700185179e+00, 1.603828870130528728e+01, -1.237333534445471805e+01, -4.078604085491043918e+00
1.421382921099935892e+01, 1.018850251976768639e+01, 7.406140365001701298e+01, -1.640053324854175099e+00, -5.682969478969198462e+00, -9.715527107130487394e+00, 7.095789730437048526e+00, 6.834446392119721381e+00, 8.638064382968694943e+00, 8.923793070831104401e+00, 7.709241861011959962e+00, -5.111789022133221394e+00, 1.446797287155380651e+01, -1.474701033384383564e+01, -1.853364307676887890e+01
6.964357344786545667e+00, 8.669155632812808321e+00, -1.640053324854172434e+00, 9.515716852638115597e+01, -3.519519285735618297e+01, -9.079205759444290535e+00, -7.386515062894134509e+00, -5.079851451477635393e+00, -1.386788658752779457e-01, 7.464428358622519077e+00, 3.804401955970570182e+00, 1.069967288159602425e+01, -6.861184353160189708e+00, -5.546566187232235379e+00, -3.864704924885439485e+00
-1.931229476009232116e+00, -3.555153925643720569e+00, -5.682969478969199351e+00, -3.519519285735615455e+01, 1.672805877579114338e+02, -5.759355745053124309e+01, -2.709613203939976245e+01, 7.942163323711446843e+00, -1.141859743120995851e+01, -6.594748221512407582e-01, 1.167446072044486982e+01, 9.129888030001122701e+00, -9.936576431569495327e+00, 1.051932973981464770e+01, -3.699314513287563955e+01
3.838545283765606442e+00, 1.065743580584756067e+01, -9.715527107130483842e+00, -9.079205759444276325e+00, -5.759355745053122178e+01, 3.007002603990083571e+02, -1.015499974791488285e+02, -7.227146026817415247e+01, -6.003613649929888219e+00, -2.225453146327214782e+01, 4.239407313739443905e-01, 1.149999140141099474e+01, -5.462330004494081237e+00, 3.702833111950244671e+00, -1.145366619869250790e+01
-1.637334958342768987e+00, 8.863573964360275115e-01, 7.095789730437076059e+00, -7.386515062894121186e+00, -2.709613203939981219e+01, -1.015499974791488427e+02, 4.085934282075372721e+02, -1.176216477915538832e+02, -9.896721765824351280e+01, -1.403861321709292831e+01, -1.609576164355762273e+01, -1.999009054114725004e+01, -2.137335800850908996e+01, 2.511676149343579212e+01, 1.182093475581238806e+01
8.396685375302478604e+00, 3.848480584682028915e+00, 6.834446392119726710e+00, -5.079851451477715329e+00, 7.942163323711514344e+00, -7.227146026817430879e+01, -1.176216477915536842e+02, 5.393284318466642162e+02, -1.527936638105320526e+02, -1.330996629198321273e+02, -6.164568640564473156e+01, 7.387597010556528510e+00, 1.011012287645670149e+01, 5.274043084819695970e+00, -1.548328622516227071e+01
-3.020581967181044547e+00, -9.296542206524756935e+00, 8.638064382968604349e+00, -1.386788658753506376e-01, -1.141859743120978621e+01, -6.003613649929850915e+00, -9.896721765824358386e+01, -1.527936638105317684e+02, 7.784532917179487868e+02, -2.382255664095727639e+02, -1.417813142321052737e+02, -9.159018432338282878e+01, 1.011263335907018224e+01, -4.773955356451607202e+01, 1.820958162732162222e+01
-2.716469082074383312e+00, 3.598083379439720009e+00, 8.923793070831143481e+00, 7.464428358622582138e+00, -6.594748221509966202e-01, -2.225453146327205189e+01, -1.403861321709304377e+01, -1.330996629198331505e+02, -2.382255664095735028e+02, 1.106330777901700685e+03, -3.059984965106345385e+02, -2.248344435765955893e+02, -8.867603230306848161e+01, -3.169020760734500897e+00, -4.277381012679552441e+01
8.234798859065740828e+00, 1.428347850599749513e+01, 7.709241861011974173e+00, 3.804401955970647009e+00, 1.167446072044451633e+01, 4.239407313743338568e-01, -1.609576164355802774e+01, -6.164568640564434077e+01, -1.417813142321029147e+02, -3.059984965106380059e+02, 1.189506027054987499e+03, -2.622875035901302567e+02, -2.089959199728507429e+02, -1.120805140853844364e+02, -6.777036548522902137e+01
3.413566413579536274e+00, 4.267965560700073269e+00, -5.111789022133270244e+00, 1.069967288159596208e+01, 9.129888030000982369e+00, 1.149999140141052401e+01, -1.999009054114613448e+01, 7.387597010556983257e+00, -9.159018432338268667e+01, -2.248344435765987441e+02, -2.622875035901304273e+02, 1.444162308771039534e+03, -4.221207268103037222e+02, -3.017799968486974080e+02, -1.358410170012836602e+02
1.056315102783525539e+01, 1.603828870130521977e+01, 1.446797287155382428e+01, -6.861184353160080462e+00, -9.936576431569484669e+00, -5.462330004494233116e+00, -2.137335800851120027e+01, 1.011012287645722196e+01, 1.011263335907261940e+01, -8.867603230306619366e+01, -2.089959199728535566e+02, -4.221207268103038928e+02, 1.729833299527650070e+03, -5.103328026009994574e+02, -4.697500911238208232e+02
-5.857494485019945074e+00, -1.237333534445438055e+01, -1.474701033384361892e+01, -5.546566187232167877e+00, 1.051932973981456776e+01, 3.702833111949690448e+00, 2.511676149343781717e+01, 5.274043084820161376e+00, -4.773955356451893550e+01, -3.169020760738415099e+00, -1.120805140853771462e+02, -3.017799968486950775e+02, -5.103328026009960467e+02, 1.904798044609661929e+03, -9.747937331701785979e+02
1.332433619500513533e+00, -4.078604085491279285e+00, -1.853364307676906364e+01, -3.864704924885620674e+00, -3.699314513287551165e+01, -1.145366619869167479e+01, 1.182093475581160824e+01, -1.548328622516327080e+01, 1.820958162732068431e+01, -4.277381012678933558e+01, -6.777036548523403781e+01, -1.358410170012874971e+02, -4.697500911238240064e+02, -9.747937331701712083e+02, 1.629491314495184270e+03
