2.161344499561034738e+01, 2.213411836449086323e+01, 8.205588652288652085e+00, 7.353719645958368689e-01, 6.045268919158274246e-01, 1.042801934433289723e+00, -1.594593801687255397e+00, 4.023976607564941355e-01, 4.272960662360206219e-01, -2.811344449923307565e+00, 5.018186247966626823e+00, -1.781587334201973905e+00, 7.276138778985462352e+00, 5.324554491157879710e+00, 5.607765152381982254e+00
2.213411836449085612e+01, 5.054683900949580533e+01, -1.911121973151921560e+00, -4.268088463463682314e-01, 2.755856079450095919e+00, -6.125537363169807348e-01, -8.456276357053027937e+00, 3.963273468256661047e+00, 6.473347488741982403e+00, -9.768990542558549706e+00, -8.335074088495380451e+00, 7.175639787617198451e+00, 8.406963071953711619e+00, 3.137380650304292473e+00, 1.388128071740126934e+01
8.205588652288653861e+00, -1.911121973151924891e+00, 6.409841509290313866e+01, -2.529122451965037044e+01, -1.759096368257326048e+01, -2.896911823348561899e-01, 5.344723698560955860e+00, -9.038215051248270626e-01, 9.474909239279187823e-01, 8.035457521671089509e+00, 6.252180705011440409e+00, 1.326715898287978135e+01, 6.427413120853345596e+00, 3.330497119143827511e+00, -1.930548660855820486e+01
7.353719645958385343e-01, -4.268088463463661220e-01, -2.529122451965038820e+01, 1.079519716246580856e+02, -2.067128294316006176e+01, -3.233320542532742792e+01, -1.635020401036661397e+01, -3.823005466632803273e+00, -8.291804120491292451e+00, -8.133620034002046140e+00, -2.809316671179304059e+00, 1.036124188944728886e+01, -1.172447611928517297e+01, 9.503499436844196069e+00, 1.516122450563007362e+01
6.045268919158360843e-01, 2.755856079450104357e+00, -1.759096368257323206e+01, -2.067128294316010084e+01, 1.817109591374901072e+02, -6.296416236142326284e+01, -3.845576761427915358e+01, -3.217229438915803996e+01, 1.007984588367902390e+01, -1.854218275743729549e+01, 1.235561807786431032e+01, -1.909341258421019205e+01, -1.902819488272724513e+01, 2.228601357839469088e+01, 2.569809659434589832e+01
1.042801934433285282e+00, -6.125537363169905047e-01, -2.896911823348606307e-01, -3.233320542532742792e+01, -6.296416236142327705e+01, 3.149269865096137551e+02, -7.085527086215445536e+01, -6.386164752909299125e+01, -4.709393868609520695e+01, -5.664354981942621947e+01, 8.062764829680396872e+00, -1.258615056230873108e+01, 4.059856262881595512e+01, -8.320177521879363880e+00, 1.420123919509608612e+01
-1.594593801687263168e+00, -8.456276357053019055e+00, 5.344723698560942537e+00, -1.635020401036661042e+01, -3.845576761427916068e+01, -7.085527086215442694e+01, 3.966333491687088326e+02, -1.102185226811622556e+02, -8.575792810071723693e+01, -7.527706194763124969e+00, -4.211861457661218822e+01, 4.757719274425261879e+00, -2.882374120353952662e+01, -2.148996626103756924e+01, 4.068349297670238940e+01
4.023976607564933583e-01, 3.963273468256672150e+00, -9.038215051248617016e-01, -3.823005466632797944e+00, -3.217229438915791206e+01, -6.386164752909297704e+01, -1.102185226811624403e+02, 5.702254082533871724e+02, -1.493782297388121378e+02, -1.087606374653564671e+02, -3.732064564395528095e+01, -1.447853754256864356e+01, -1.731723315248779471e+01, 3.201472611739056617e+00, -1.590495693614509065e+01
4.272960662360184014e-01, 6.473347488741922895e+00, 9.474909239279335482e-01, -8.291804120491258701e+00, 1.007984588367907541e+01, -4.709393868609520695e+01, -8.575792810071673955e+01, -1.493782297388132463e+02, 8.154699013895905182e+02, -2.269464117473542331e+02, -1.344270020805964805e+02, -5.375641938080887883e+01, -3.167243353581999799e+01, -1.914712502530078808e+01, -4.441143373435964037e+01
-2.811344449923259159e+00, -9.768990542558460888e+00, 8.035457521671107273e+00, -8.133620034002108312e+00, -1.854218275743758682e+01, -5.664354981942606315e+01, -7.527706194763354119e+00, -1.087606374653553303e+02, -2.269464117473546025e+02, 1.040088666421164135e+03, -2.424603675879767195e+02, -2.056673237947002519e+02, -4.273807223567871461e+01, -5.172563930032964663e+01, -6.723048590698944338e+01
5.018186247966564650e+00, -8.335074088495394662e+00, 6.252180705011431527e+00, -2.809316671179168612e+00, 1.235561807786447908e+01, 8.062764829679833767e+00, -4.211861457661139241e+01, -3.732064564395579964e+01, -1.344270020805981574e+02, -2.424603675879753553e+02, 1.224875625744511581e+03, -2.315562721599717690e+02, -2.805906403127000317e+02, -1.237016987042723457e+02, -1.039330934092262737e+02
-1.781587334201997219e+00, 7.175639787617118515e+00, 1.326715898287978490e+01, 1.036124188944732261e+01, -1.909341258421042298e+01, -1.258615056230889628e+01, 4.757719274424951017e+00, -1.447853754256718162e+01, -5.375641938080921278e+01, -2.056673237946988024e+02, -2.315562721599761176e+02, 1.372958665249806472e+03, -3.873592675432985288e+02, -2.264476739161912917e+02, -2.245549165646474421e+02
7.276138778985465017e+00, 8.406963071953668987e+00, 6.427413120853248785e+00, -1.172447611928512856e+01, -1.902819488272734105e+01, 4.059856262881613986e+01, -2.882374120353945202e+01, -1.731723315248715878e+01, -3.167243353581775622e+01, -4.273807223568591951e+01, -2.805906403126910504e+02, -3.873592675433022805e+02, 1.803990782625813608e+03, -5.594318893272056812e+02, -4.614310489547852967e+02
5.324554491157939218e+00, 3.137380650304361307e+00, 3.330497119143959406e+00, 9.503499436844188963e+00, 2.228601357839438890e+01, -8.320177521879667637e+00, -2.148996626103733831e+01, 3.201472611738125362e+00, -1.914712502530189653e+01, -5.172563930032398360e+01, -1.237016987042750316e+02, -2.264476739161945034e+02, -5.594318893272017021e+02, 1.821643718428576676e+03, -8.572733174756746166e+02
5.607765152381970708e+00, 1.388128071740134395e+01, -1.930548660855823684e+01, 1.516122450562991553e+01, 2.569809659434642413e+01, 1.420123919509670607e+01, 4.068349297670197728e+01, -1.590495693614596817e+01, -4.441143373435959063e+01, -6.723048590699040972e+01, -1.039330934092282064e+02, -2.245549165646427525e+02, -4.614310489547880820e+02, -8.572733174756733661e+02, 1.628092307137570515e+03
