2.617192224273816947e+01, 2.432388200028045944e+01, 1.239709180510994102e+01, 1.846939494551964600e+00, 7.839058496105509199e+00, -6.301476961869577842e+00, 4.429480984788187747e-01, 3.537202550224664011e-01, -8.883074461877114913e+00, -8.972799855194455887e+00, -5.144795334670176246e+00, 1.043045882003427671e+01, 1.484051123807198813e+01, 1.287400854275263917e+01, 1.485694872062336280e+01
2.432388200028045944e+01, 5.133281497914385483e+01, 4.018252844825937586e+00, -5.791805494407374688e+00, 5.872040574630794652e+00, -7.849070718416055747e+00, -5.996118754152393926e+00, -3.200962989320926155e+00, -1.416027451427461692e+01, -8.818806847989987929e+00, -8.976685594987893424e+00, 1.074890887982226495e+01, 1.474690010266104423e+01, 2.767265068325387034e+01, 2.265892822795685646e+01
1.239709180510993747e+01, 4.018252844825944692e+00, 7.321798887485226714e+01, -1.212726561965978078e+01, -1.170505461104295009e+01, -9.106427329328441900e+00, -4.879237874339007242e+00, -2.518401562663624560e+01, -2.104417062061289201e+00, -1.290136209543158508e+01, -1.207639378844463485e+00, -1.059440040075554812e+01, 1.621032714071749936e+01, 1.432589501466884840e+01, 2.324573860956324722e+01
1.846939494551964822e+00, -5.791805494407375576e+00, -1.212726561965978611e+01, 9.922836241516279188e+01, -3.956010394089300775e+01, -2.725064208943534627e+00, -4.812020402685933007e+00, 1.470181459316017181e+00, -2.833949007994095837e+01, -1.004136237579222168e+01, -1.616413202381353997e+01, -5.046305707632749993e+00, 1.915548930960986951e+01, 3.841187977719211943e+00, 1.126238311718719842e+01
7.839058496105501206e+00, 5.872040574630789322e+00, -1.170505461104294653e+01, -3.956010394089301485e+01, 2.062839584873836714e+02, -6.638397470539082690e+01, -2.875049804465983172e+01, -1.039296611673577431e+01, -9.388008031452157454e+00, -3.632034680892310519e+01, -3.823775010766348625e+00, 3.276699523132314340e+01, -9.698888260116993010e+00, -3.088121382054515962e+01, 1.310333700348644648e+01
-6.301476961869581395e+00, -7.849070718416066406e+00, -9.106427329328441900e+00, -2.725064208943513311e+00, -6.638397470539085532e+01, 3.041959096293213065e+02, -7.306276321358399173e+01, -4.453057310382216372e+01, -4.787730746560148987e+01, -4.119642353887753927e+01, -7.948398564113294817e+00, 3.131438419748039603e+00, -2.227336002073578314e+01, 1.288380867113856176e+01, 6.631486072165745371e-01
4.429480984788195519e-01, -5.996118754152386821e+00, -4.879237874339008130e+00, -4.812020402685921461e+00, -2.875049804465983172e+01, -7.306276321358394910e+01, 4.217502682732025505e+02, -1.028023601010952603e+02, -8.209094447561230368e+01, -3.870695792892261267e+01, -3.140056377724665637e+01, -3.712507657078144518e+01, -2.897706185494239506e+01, 5.944011021799774142e+00, 8.144890792493665543e+00
3.537202550224770037e-01, -3.200962989320915053e+00, -2.518401562663622428e+01, 1.470181459316001416e+00, -1.039296611673567128e+01, -4.453057310382214951e+01, -1.028023601010951467e+02, 5.628674448439236357e+02, -1.529816852640210811e+02, -7.189174275721656215e+01, -4.397141467627693601e+01, -6.991261329028144189e+01, -4.857483459048435748e+01, -9.226885916450488168e+00, 1.654527742768354415e+01
-8.883074461877145112e+00, -1.416027451427467021e+01, -2.104417062061310073e+00, -2.833949007994092639e+01, -9.388008031452173441e+00, -4.787730746560140460e+01, -8.209094447561253105e+01, -1.529816852640209675e+02, 8.401442471854294354e+02, -1.732004368055121120e+02, -1.059835512645833546e+02, -5.303132048969339252e+01, -7.350079517910980087e+01, -9.603120624394686899e+01, -1.448959052275422010e+01
-8.972799855194427465e+00, -8.818806847989973718e+00, -1.290136209543157264e+01, -1.004136237579226965e+01, -3.632034680892313361e+01, -4.119642353887770270e+01, -3.870695792892237819e+01, -7.189174275721622109e+01, -1.732004368055119130e+02, 1.037499667549413516e+03, -1.722736629011995149e+02, -1.437257857661820140e+02, -1.109617220648474216e+02, -1.290845869975687776e+02, -8.317937361019076548e+01
-5.144795334670136278e+00, -8.976685594987849015e+00, -1.207639378844424627e+00, -1.616413202381351155e+01, -3.823775010766261140e+00, -7.948398564113584364e+00, -3.140056377724644676e+01, -4.397141467627685074e+01, -1.059835512645840652e+02, -1.722736629011986054e+02, 1.136803104683464426e+03, -1.998172515804406828e+02, -2.058923217761256126e+02, -1.323111336332691792e+02, -1.952273189418028494e+02
1.043045882003417368e+01, 1.074890887982215837e+01, -1.059440040075560674e+01, -5.046305707632815718e+00, 3.276699523132305103e+01, 3.131438419748123536e+00, -3.712507657078151624e+01, -6.991261329028154137e+01, -5.303132048969273882e+01, -1.437257857661821561e+02, -1.998172515804400859e+02, 1.259178118310913305e+03, -2.368002821558284552e+02, -2.216740055987275468e+02, -2.592106888177368660e+02
1.484051123807196504e+01, 1.474690010266102291e+01, 1.621032714071754555e+01, 1.915548930960981266e+01, -9.698888260117099591e+00, -2.227336002073587196e+01, -2.897706185494198294e+01, -4.857483459048460617e+01, -7.350079517910995719e+01, -1.109617220648469953e+02, -2.058923217761252431e+02, -2.368002821558297342e+02, 1.650100396628474755e+03, -4.735784116366538115e+02, -4.315068411022429586e+02
1.287400854275270312e+01, 2.767265068325392718e+01, 1.432589501466877380e+01, 3.841187977719364710e+00, -3.088121382054518094e+01, 1.288380867113859907e+01, 5.944011021799243011e+00, -9.226885916450076053e+00, -9.603120624394688321e+01, -1.290845869975682945e+02, -1.323111336332702308e+02, -2.216740055987260121e+02, -4.735784116366537546e+02, 1.805033873771080835e+03, -7.024215734249748948e+02
1.485694872062333971e+01, 2.265892822795689199e+01, 2.324573860956328986e+01, 1.126238311718718244e+01, 1.310333700348652108e+01, 6.631486072168988333e-01, 8.144890792493576726e+00, 1.654527742768322440e+01, -1.448959052275433201e+01, -8.317937361019180287e+01, -1.952273189418028210e+02, -2.592106888177361270e+02, -4.315068411022436976e+02, -7.024215734249737579e+02, 1.670458147095655249e+03
