2.268355585465629787e+01, 2.238701736721675317e+01, 8.377261630560528971e+00, 3.948065983650622446e+00, -4.075364807308263781e-01, -1.062888922731620722e+00, 1.156609440274743772e+00, -1.254485182908323671e-01, -4.420884418149841899e+00, 5.594637030297334945e+00, -8.040132089416163197e-01, -3.288643408327600604e-01, 5.655457601386801869e+00, -3.063872765846267221e-01, 1.405799768254107285e+01
2.238701736721674962e+01, 5.211463104938871282e+01, -2.289766577106565837e+00, 2.090034805951013652e+00, -4.720663755184664190e+00, 8.678720760222711661e+00, -4.659484566320522880e+00, -2.521698146053207967e+00, -1.047760915607025112e+01, 5.372092850130040453e+00, -8.873937499961366271e+00, 1.871379554148449031e-01, 7.155436931546678148e-01, 5.299018371140913786e+00, 2.669425608502609037e+01
8.377261630560525418e+00, -2.289766577106565837e+00, 6.778353240689585846e+01, -1.936699492414432910e+01, -1.194491088773253651e+01, -8.940242235376249624e+00, -3.650646353695200741e+00, -8.584086426631264644e+00, -1.643152225325244231e+01, 6.273182551817632069e-01, 8.363295613805883655e-02, -8.691925466663498412e+00, 2.252517998068118743e+01, -3.081553073890990202e+00, 2.035008096191011262e+01
3.948065983650622002e+00, 2.090034805951012320e+00, -1.936699492414433621e+01, 9.806191125933763431e+01, -2.644988319664173559e+01, -1.986150456848378809e+01, -1.547504103676851805e+01, 2.861281434179123728e+00, -6.885415720198468925e+00, -4.323946870331605297e+00, -1.021793912728989895e+01, 1.584739385876141604e+00, 9.712706592841717779e+00, 5.235818487865752324e+00, 6.540967636392110984e-01
-4.075364807308211601e-01, -4.720663755184655308e+00, -1.194491088773253473e+01, -2.644988319664175336e+01, 1.847699510353791936e+02, -5.675429565637545437e+01, -3.301756063487171389e+01, -1.999517118876450539e+01, -8.002970149713426906e+00, -2.225892241328243770e+01, 2.977780308142833121e+00, 1.184008376556179698e+01, -3.912301252716988476e+00, 3.569832216209296583e+00, -5.487844372432349793e+00
-1.062888922731625829e+00, 8.678720760222702779e+00, -8.940242235376244295e+00, -1.986150456848378454e+01, -5.675429565637547569e+01, 3.012068211138794709e+02, -9.576736113851166010e+01, -3.273899301959586694e+01, -6.948567820709544662e+01, -3.746418085183569247e+01, -2.037280514327948211e+01, 4.331626772857283925e+01, -2.962229459323968861e+00, 1.062135308055536242e+01, 1.355918749418324332e+01
1.156609440274734446e+00, -4.659484566320529098e+00, -3.650646353695228719e+00, -1.547504103676850740e+01, -3.301756063487172099e+01, -9.576736113851163168e+01, 4.112150895594743361e+02, -1.233717696431834412e+02, -2.687613745177627678e+01, -5.233675718771641527e+01, -1.588788911806439152e+01, -3.850782569667753563e+01, 2.375436503269083843e+00, 5.061051466675783317e+00, 1.240620579576333427e+01
-1.254485182908158525e-01, -2.521698146053173772e+00, -8.584086426631268196e+00, 2.861281434179116623e+00, -1.999517118876451960e+01, -3.273899301959590247e+01, -1.233717696431835122e+02, 5.493885891939228259e+02, -1.545432156174416605e+02, -7.563522904571122751e+01, -9.196247277410019194e+01, 1.250506484782657246e+00, -3.508860420805376634e+01, -2.426914981326686416e+01, 2.936454224239434296e+01
-4.420884418149846340e+00, -1.047760915607026355e+01, -1.643152225325240323e+01, -6.885415720198462708e+00, -8.002970149713323877e+00, -6.948567820709556031e+01, -2.687613745177613112e+01, -1.545432156174421152e+02, 7.966600064723667174e+02, -1.362268981853360685e+02, -6.657218278285075996e+01, -1.258206871215304972e+02, -1.229063286533226602e+02, -4.287970271644441311e+01, 1.000004234992822560e+01
5.594637030297362479e+00, 5.372092850130045782e+00, 6.273182551818213826e-01, -4.323946870331551118e+00, -2.225892241328240928e+01, -3.746418085183604774e+01, -5.233675718771627317e+01, -7.563522904571092909e+01, -1.362268981853357275e+02, 1.079489606665697238e+03, -1.888486240895913397e+02, -1.705788302889088754e+02, -1.335268759606607887e+02, -1.253236534882944824e+02, -8.008402752871995744e+01
-8.040132089415773509e-01, -8.873937499961424891e+00, 8.363295613805131479e-02, -1.021793912728982612e+01, 2.977780308142732313e+00, -2.037280514327961711e+01, -1.588788911806395632e+01, -9.196247277410077459e+01, -6.657218278285152735e+01, -1.888486240895901176e+02, 1.131456805099863004e+03, -2.157854300827703753e+02, -2.137592083147835353e+02, -1.351031036864600878e+02, -1.400776151115821904e+02
-3.288643408327442952e-01, 1.871379554149019409e-01, -8.691925466663493083e+00, 1.584739385876058781e+00, 1.184008376556170283e+01, 4.331626772857330110e+01, -3.850782569667858013e+01, 1.250506484783470817e+00, -1.258206871215295450e+02, -1.705788302889085344e+02, -2.157854300827712848e+02, 1.353393578538347583e+03, -3.227205723844132308e+02, -2.703040212151902892e+02, -2.291871856902020284e+02
5.655457601386753019e+00, 7.155436931546786949e-01, 2.252517998068117322e+01, 9.712706592841653830e+00, -3.912301252717071076e+00, -2.962229459323850733e+00, 2.375436503268994581e+00, -3.508860420805227420e+01, -1.229063286533240955e+02, -1.335268759606614708e+02, -2.137592083147841606e+02, -3.227205723844111844e+02, 1.714987842067890597e+03, -4.193672001803018361e+02, -4.633085725033207609e+02
-3.063872765846246682e-01, 5.299018371140816974e+00, -3.081553073891119876e+00, 5.235818487865813609e+00, 3.569832216209315678e+00, 1.062135308055538907e+01, 5.061051466675724697e+00, -2.426914981326790155e+01, -4.287970271644373099e+01, -1.253236534882920381e+02, -1.351031036864606563e+02, -2.703040212151877881e+02, -4.193672001803026319e+02, 1.768585673405471653e+03, -7.925803221955461595e+02
1.405799768254105508e+01, 2.669425608502615788e+01, 2.035008096191022631e+01, 6.540967636392177598e-01, -5.487844372432241435e+00, 1.355918749418302660e+01, 1.240620579576384763e+01, 2.936454224239395572e+01, 1.000004234992802843e+01, -8.008402752872262909e+01, -1.400776151115800587e+02, -2.291871856902063200e+02, -4.633085725033189988e+02, -7.925803221955433173e+02, 1.560899994071005494e+03
