2.614373206834440566e+01, 2.564985376259756578e+01, 1.537068185699154554e+01, 3.691849186265818261e+00, 5.644521789287690439e+00, -5.932531699106341705e+00, 5.863142441619556777e+00, -3.302512036647665017e+00, 5.168674553404223104e+00, 8.229199879824188102e+00, -1.164185386412321943e+00, -8.065870900158808032e-01, 6.851453267026809922e-03, 4.712387158045735269e+00, -1.328108536494539971e+00
2.564985376259756222e+01, 6.097751221015125367e+01, 8.723774805860887938e+00, 3.792005697657992336e+00, 1.192647606678294947e+00, -2.910821560654917484e+00, 1.567803372735548173e+01, -2.335684677479933580e+00, 4.012162009452532985e+00, 6.952720289017157995e+00, 2.423276150432505993e+00, -3.988384172998878263e+00, -4.637330239619524619e+00, -6.936707467541188832e-01, 3.334842210087933356e+00
1.537068185699154377e+01, 8.723774805860891490e+00, 6.351685676964046223e+01, -9.525610524219622732e+00, 2.541368398937278617e+00, -1.066996681584741147e+01, 7.383725186168014210e-01, 1.242056711934787838e+00, -2.729115366594259129e+00, 4.814107912257449051e+00, 4.748676498923370737e+00, -3.558406727815517367e-01, 3.849753265988842710e+00, 2.457445602814803731e+00, -6.655619329794351557e+00
3.691849186265821814e+00, 3.792005697657995889e+00, -9.525610524219624509e+00, 9.965519767610319946e+01, -3.929779601308769799e+01, -2.039750976815491867e+01, 2.990546234354837463e+00, 5.085533309784254996e+00, 2.151963155644963877e+00, 6.825867158198207996e+00, -4.082159751329552222e+00, 2.586649841974880903e+00, -2.216974723413955850e+00, -5.281962559549166158e+00, -4.639259665872005556e+00
5.644521789287692215e+00, 1.192647606678299388e+00, 2.541368398937279949e+00, -3.929779601308773351e+01, 1.837249225692541472e+02, -5.985853815254936450e+01, -3.914584333679356121e+01, -7.614356919659751810e+00, -1.502180433800276127e+01, 2.269563988966719492e+01, 2.293891721372532277e+00, -2.002389748934974634e+01, 1.563043007188171352e+01, 7.481676201625641731e+00, -1.262577558403773992e+01
-5.932531699106345258e+00, -2.910821560654936135e+00, -1.066996681584741324e+01, -2.039750976815489025e+01, -5.985853815254941424e+01, 3.182026218278771239e+02, -8.315270110606007847e+01, -7.498083647660889994e+01, -2.112085626317140452e+01, -9.054969149304578080e-01, -2.481384266904863622e+01, -1.695580279726993655e+00, -2.901551555670360116e+01, -1.103224154920840050e+01, 4.141939313498065900e+01
5.863142441619560330e+00, 1.567803372735549061e+01, 7.383725186168021981e-01, 2.990546234354854338e+00, -3.914584333679366068e+01, -8.315270110605993636e+01, 3.987536998050893544e+02, -1.082749079228580911e+02, -4.893879792910458093e+01, -5.506091554714556224e+01, 8.445491091062862665e+00, 2.279938498060019469e+00, -1.115478627339019724e+01, -2.499518767949820752e+00, -2.226675590846978992e+01
-3.302512036647654803e+00, -2.335684677479917148e+00, 1.242056711934785174e+00, 5.085533309784258549e+00, -7.614356919659665657e+00, -7.498083647660895679e+01, -1.082749079228577500e+02, 5.988527856824561013e+02, -1.752026892849862634e+02, -1.060317477758869416e+02, -8.660655555798783212e+00, -5.373551748730056943e+01, -3.882066642461347072e+01, 2.837899413970226448e+01, -2.135777396927299776e+01
5.168674553404208005e+00, 4.012162009452492129e+00, -2.729115366594270675e+00, 2.151963155644900372e+00, -1.502180433800281811e+01, -2.112085626317135478e+01, -4.893879792910460225e+01, -1.752026892849860360e+02, 7.836415119682018258e+02, -2.297664971284973490e+02, -1.502150063482135067e+02, -5.372212933994386930e+01, -4.920918693279129030e+01, -1.037194027344220082e+01, -9.132829561218455794e+00
8.229199879824211195e+00, 6.952720289017170430e+00, 4.814107912257428623e+00, 6.825867158198206219e+00, 2.269563988966717005e+01, -9.054969149299870734e-01, -5.506091554714623015e+01, -1.060317477758870695e+02, -2.297664971284965532e+02, 1.064927595189297790e+03, -2.738308910874026196e+02, -1.244268398462905623e+02, -8.661751261771433974e+01, -7.761188334309684933e+01, -8.070530326848754044e+01
-1.164185386412373902e+00, 2.423276150432494891e+00, 4.748676498923353861e+00, -4.082159751329509589e+00, 2.293891721372317782e+00, -2.481384266904891689e+01, 8.445491091063223266e+00, -8.660655555797404759e+00, -1.502150063482127678e+02, -2.738308910874062008e+02, 1.116662541219932791e+03, -2.771240601489209325e+02, -1.941843709045839717e+02, -1.354137449671796389e+02, -3.295191504688823159e+01
-8.065870900159028967e-01, -3.988384172998931554e+00, -3.558406727815515147e-01, 2.586649841974642428e+00, -2.002389748934936975e+01, -1.695580279727053608e+00, 2.279938498059283170e+00, -5.373551748730219657e+01, -5.372212933994111950e+01, -1.244268398462929213e+02, -2.771240601489206483e+02, 1.382619375382528688e+03, -3.862560764225918888e+02, -2.570729939405728715e+02, -2.043554944696272457e+02
6.851453267078084879e-03, -4.637330239619472216e+00, 3.849753265988892448e+00, -2.216974723414005144e+00, 1.563043007188147904e+01, -2.901551555670379301e+01, -1.115478627338821482e+01, -3.882066642461327177e+01, -4.920918693279394063e+01, -8.661751261771051702e+01, -1.941843709045845685e+02, -3.862560764225902403e+02, 1.719864494870406133e+03, -5.286223863472529274e+02, -4.159401205020865859e+02
4.712387158045730828e+00, -6.936707467541310956e-01, 2.457445602814774421e+00, -5.281962559549103098e+00, 7.481676201625949929e+00, -1.103224154920769351e+01, -2.499518767951926179e+00, 2.837899413970385609e+01, -1.037194027344146718e+01, -7.761188334309593984e+01, -1.354137449671836180e+02, -2.570729939405751452e+02, -5.286223863472529274e+02, 1.791871335442120426e+03, -8.265089322363570545e+02
-1.328108536494477798e+00, 3.334842210087926251e+00, -6.655619329794332906e+00, -4.639259665871874105e+00, -1.262577558403792644e+01, 4.141939313498021846e+01, -2.226675590846885910e+01, -2.135777396927425897e+01, -9.132829561220235703e+00, -8.070530326848633251e+01, -3.295191504688546047e+01, -2.043554944696274731e+02, -4.159401205020837438e+02, -8.265089322363609199e+02, 1.494945297813010484e+03
