3.171647024217163846e+01, 3.217742910131507728e+01, 8.808918941860303775e+00, -8.830777758841871217e-01, 8.321110399601128194e+00, -4.054719693885420639e+00, 4.181299215574441619e-01, 3.698630152264323012e+00, 2.929597885084343378e+00, 6.236147310150481182e+00, -2.350783391308755910e+00, -2.681752694156708916e+00, 9.709534355578044895e+00, 3.558279723785449988e+00, 1.763698286062399845e+01
3.217742910131507017e+01, 5.996271708914518683e+01, 3.507619047537930523e+00, -4.172860521686843072e+00, 1.265184662073938782e+01, -1.658996783146799991e+00, 5.132989211589392475e+00, 4.545000625600444266e+00, 2.047534150859977586e+00, 8.759395067662874013e-01, 8.797499730845166621e-02, 4.179932985391854317e+00, 6.673402595269007698e+00, -3.367687385418554058e+00, 1.027606811685356725e+01
8.808918941860305551e+00, 3.507619047537930967e+00, 5.610427411842373147e+01, -8.437174319677682277e+00, -1.228795952558913163e+00, -1.560550115992192133e+01, -2.270097176414969553e+01, -1.065818903053769162e+01, -1.483945056447530852e+01, 6.665500324144005839e-01, -2.530724576125607528e-01, -4.827125537294830515e+00, 9.377163123989015858e+00, -1.209565019557883869e-01, 3.437303987140985839e+01
-8.830777758841868996e-01, -4.172860521686845736e+00, -8.437174319677687606e+00, 1.051607646237575864e+02, -4.059348085223444969e+01, 1.649426860992861732e+00, -1.682475276809266163e+01, 1.094035874185003188e+01, -1.723810480292185332e+01, -1.595777253897748160e+00, -1.125380069363343694e+01, 5.317182683444172220e+00, -5.788094543207611409e+00, -5.681497444023244192e+00, 1.931412866378082516e+00
8.321110399601122865e+00, 1.265184662073938249e+01, -1.228795952558911830e+00, -4.059348085223444258e+01, 2.072327639090188711e+02, -6.003101755147614682e+01, -1.399921704920492971e+01, -3.942936340330042100e+01, -1.563524996875320028e+01, -1.049324300071289606e+01, -1.783589909135279328e+01, -2.225901532125552507e+01, 1.396416287073272855e+01, 4.005216261161421265e+00, 7.921685983111359519e+00
-4.054719693885416198e+00, -1.658996783146805098e+00, -1.560550115992190001e+01, 1.649426860992856847e+00, -6.003101755147612550e+01, 3.201491334811391312e+02, -6.048840846661872206e+01, -6.522934450558078368e+01, -6.929299429458450277e+01, -3.943352280099262686e+01, -3.047623846669670566e+00, -1.529000493963714646e+01, 9.294723417639582763e+00, 2.765052349256476205e+01, -4.514531612525020421e+01
4.181299215574517114e-01, 5.132989211589395140e+00, -2.270097176414969553e+01, -1.682475276809266518e+01, -1.399921704920493148e+01, -6.048840846661880022e+01, 4.219537443518591431e+02, -8.358779882997814070e+01, -3.545350525546771081e+01, -6.471922190526301222e+01, -4.131823147434320731e+01, 1.121070394008048332e+01, -6.246703301053616997e+01, 1.325118075184982835e+01, -4.142350583824580212e+01
3.698630152264338999e+00, 4.545000625600458477e+00, -1.065818903053769873e+01, 1.094035874185002299e+01, -3.942936340330042810e+01, -6.522934450558082631e+01, -8.358779882997819755e+01, 5.554675010297856943e+02, -1.041876181352581199e+02, -6.900700536687918429e+01, -4.899410674518387765e+01, -2.593955466651838648e+01, -1.768904358096191842e+01, -5.473339355504829484e+01, -3.121927858722879634e+01
2.929597885084337161e+00, 2.047534150859979807e+00, -1.483945056447531918e+01, -1.723810480292186398e+01, -1.563524996875318251e+01, -6.929299429458440329e+01, -3.545350525546770371e+01, -1.041876181352581057e+02, 8.253983899934993360e+02, -1.654504662801935808e+02, -9.890197246714264168e+01, -7.947051596897848924e+01, -1.025298261463810263e+02, -4.026111138561131497e+01, -6.687051847811672189e+01
6.236147310150485623e+00, 8.759395067662759660e-01, 6.665500324144040256e-01, -1.595777253897718406e+00, -1.049324300071292626e+01, -3.943352280099249896e+01, -6.471922190526315433e+01, -6.900700536687918429e+01, -1.654504662801937798e+02, 1.010972409406669954e+03, -1.496641764030073318e+02, -1.560144973845890490e+02, -1.103241129849074866e+02, -1.594822595799530802e+02, -4.475416072849709792e+01
-2.350783391308768788e+00, 8.797499730844833554e-02, -2.530724576125820136e-01, -1.125380069363341740e+01, -1.783589909135287144e+01, -3.047623846669437864e+00, -4.131823147434317178e+01, -4.899410674518398423e+01, -9.890197246714289747e+01, -1.496641764030073034e+02, 1.124187198403670209e+03, -2.034251865308536651e+02, -2.450865762286636311e+02, -1.173399250522563619e+02, -1.446393118570420029e+02
-2.681752694156741335e+00, 4.179932985391831224e+00, -4.827125537294843838e+00, 5.317182683444214852e+00, -2.225901532125566007e+01, -1.529000493963720864e+01, 1.121070394008051352e+01, -2.593955466651831898e+01, -7.947051596897816239e+01, -1.560144973845888217e+02, -2.034251865308534946e+02, 1.217140030333071536e+03, -2.665607994604139890e+02, -1.967437535185871411e+02, -2.532903825465961631e+02
9.709534355578048448e+00, 6.673402595269025461e+00, 9.377163123988999871e+00, -5.788094543207682463e+00, 1.396416287073278362e+01, 9.294723417639549012e+00, -6.246703301053585022e+01, -1.768904358096243357e+01, -1.025298261463806000e+02, -1.103241129849075719e+02, -2.450865762286636311e+02, -2.665607994604129090e+02, 1.697602257526583116e+03, -4.881953097277824440e+02, -3.877552433569460391e+02
3.558279723785435333e+00, -3.367687385418582924e+00, -1.209565019558097032e-01, -5.681497444023298371e+00, 4.005216261161556268e+00, 2.765052349256427888e+01, 1.325118075184980526e+01, -5.473339355504759851e+01, -4.026111138561071101e+01, -1.594822595799536202e+02, -1.173399250522573709e+02, -1.967437535185872832e+02, -4.881953097277826146e+02, 1.838464945280131133e+03, -7.328537538986474829e+02
1.763698286062401976e+01, 1.027606811685359212e+01, 3.437303987140991524e+01, 1.931412866378105608e+00, 7.921685983111397711e+00, -4.514531612524991289e+01, -4.142350583824619292e+01, -3.121927858722903082e+01, -6.687051847811751770e+01, -4.475416072849694871e+01, -1.446393118570411502e+02, -2.532903825465965326e+02, -3.877552433569447885e+02, -7.328537538986483924e+02, 1.791393004403459599e+03
