2.045238006923461427e+01, 2.200568429498791190e+01, 1.024517743836610428e+01, -2.102506252378057994e+00, -4.444235054887257341e+00, 5.984658853609736706e-01, -1.657539239705102974e+00, 3.941091945312412914e+00, -4.420303694321093602e+00, 9.251264570593611958e-02, 1.568802573197372041e+00, 4.205159662600919113e+00, 2.014944328651076255e-01, 3.270532268178826474e+00, 2.157636011945857391e+01
2.200568429498791190e+01, 5.416214178939333834e+01, 3.598546230814529068e+00, -1.785211486722809715e+00, -2.788910274563662473e+00, -5.202320895802228229e+00, -1.052226245229915591e+01, -3.795714547878750178e-01, -1.326792109600699376e+01, -3.843221827193021856e+00, 3.268144899430275530e+00, 9.694781523231462472e+00, 7.204277558490478350e-01, 2.756950863448295763e+00, 3.712988341467443831e+01
1.024517743836609895e+01, 3.598546230814528624e+00, 7.537417157378737897e+01, -2.056330112957137501e+01, -2.055490856825600332e+01, -3.257901071279595051e+00, 1.365403885762883540e+01, -1.237398285340325721e+01, -7.853983494805879317e+00, -9.148866089504023691e+00, -4.416418357292285712e+00, 1.718774711086515916e-01, 4.681941226583849591e+00, 3.086446944437078344e+00, 1.758758839033108146e+01
-2.102506252378056661e+00, -1.785211486722809049e+00, -2.056330112957137501e+01, 9.780850682036253829e+01, -2.272800523297895126e+01, -2.239616476019106273e+01, -3.354958931071199402e+01, 1.970112014158503566e+00, -1.693020241259895897e+01, -4.819392403441810302e+00, -7.232378617914045904e+00, -4.741597380012156471e+00, 1.989946623338136600e-01, -3.833545260139748834e+00, 3.169757586899053337e+01
-4.444235054887254677e+00, -2.788910274563661584e+00, -2.055490856825602108e+01, -2.272800523297894060e+01, 1.785828118974242500e+02, -5.811378262074292422e+01, -3.144703934605295359e+01, -1.391953807630893181e+01, -2.679092836883872764e+01, -4.153918490519646411e+01, 5.432530111311876020e+00, 1.616015430886289650e+01, -2.426144315694730125e+01, 1.167877525999168675e+01, 1.875492836482250070e+01
5.984658853609781115e-01, -5.202320895802227341e+00, -3.257901071279587502e+00, -2.239616476019103786e+01, -5.811378262074293843e+01, 3.160907942676798825e+02, -7.182094823311570053e+01, -4.913364730944851289e+01, -3.227416328049430660e+01, -2.645117989695012284e+01, -6.968142147593487934e+00, -1.582235574480429641e+01, 5.617697218193718811e+00, -5.951473906943548720e+00, -9.644676983608420073e+00
-1.657539239705108081e+00, -1.052226245229915769e+01, 1.365403885762884961e+01, -3.354958931071197270e+01, -3.144703934605292872e+01, -7.182094823311577159e+01, 4.468339788348953903e+02, -8.308858355974618348e+01, -5.396214327591411575e+01, -6.909411940740399416e+01, -5.553457910982723433e+01, -5.147138052539367692e+01, -2.083426819914393935e+00, 3.083946564532181078e+00, -3.218353062644014440e+00
3.941091945312428457e+00, -3.795714547878639156e-01, -1.237398285340320570e+01, 1.970112014158496239e+00, -1.391953807630899220e+01, -4.913364730944844183e+01, -8.308858355974609822e+01, 5.441597063762218340e+02, -1.166329693028240939e+02, -8.484714379514257132e+01, -9.820056809417367560e+01, -2.925883249127729613e+01, -2.052993333493497730e+01, -1.309453003326541953e+01, 1.592259204957775509e+00
-4.420303694321114030e+00, -1.326792109600701153e+01, -7.853983494805869547e+00, -1.693020241259897318e+01, -2.679092836883865303e+01, -3.227416328049442740e+01, -5.396214327591410154e+01, -1.166329693028240797e+02, 7.976172388422426138e+02, -1.779146269419159410e+02, -1.071768765257021130e+02, -1.037264821442100668e+02, -3.646287664359587666e+01, -3.716983178532564835e+01, -4.398828831234388304e+01
9.251264570591841152e-02, -3.843221827193057827e+00, -9.148866089504043231e+00, -4.819392403441882244e+00, -4.153918490519644990e+01, -2.645117989694995941e+01, -6.909411940740388047e+01, -8.484714379514259974e+01, -1.779146269419157704e+02, 1.095552184888528018e+03, -1.228830224835900253e+02, -1.402757181677113181e+02, -1.437473230335051539e+02, -8.616118162152591253e+01, -1.405565868299247541e+02
1.568802573197407346e+00, 3.268144899430321715e+00, -4.416418357292282160e+00, -7.232378617914042351e+00, 5.432530111311714371e+00, -6.968142147593415103e+00, -5.553457910982736223e+01, -9.820056809417361876e+01, -1.071768765257022267e+02, -1.228830224835892295e+02, 1.189737221492322533e+03, -1.982621110115243823e+02, -2.080355919152646607e+02, -1.449964282641815316e+02, -1.992665307042296092e+02
4.205159662600944870e+00, 9.694781523231519316e+00, 1.718774711086227536e-01, -4.741597380012160912e+00, 1.616015430886297466e+01, -1.582235574480414009e+01, -5.147138052539388298e+01, -2.925883249127714336e+01, -1.037264821442100526e+02, -1.402757181677118581e+02, -1.982621110115233023e+02, 1.342044124024118219e+03, -2.484722884921610557e+02, -3.312508528125870839e+02, -2.038246424368705618e+02
2.014944328651258887e-01, 7.204277558491348765e-01, 4.681941226583881566e+00, 1.989946623338084419e-01, -2.426144315694716980e+01, 5.617697218193522524e+00, -2.083426819914217187e+00, -2.052993333493487427e+01, -3.646287664359604719e+01, -1.437473230335052676e+02, -2.080355919152661386e+02, -2.484722884921585262e+02, 1.637090948505748202e+03, -4.705932523119717530e+02, -4.813190976274480022e+02
3.270532268178789614e+00, 2.756950863448234923e+00, 3.086446944437074347e+00, -3.833545260139848754e+00, 1.167877525999180577e+01, -5.951473906943316905e+00, 3.083946564531919954e+00, -1.309453003326487597e+01, -3.716983178532633048e+01, -8.616118162152655202e+01, -1.449964282641811906e+02, -3.312508528125864018e+02, -4.705932523119688540e+02, 1.800323506727286485e+03, -7.309261190844162002e+02
2.157636011945855969e+01, 3.712988341467439568e+01, 1.758758839033105303e+01, 3.169757586899065060e+01, 1.875492836482236569e+01, -9.644676983608645671e+00, -3.218353062643774187e+00, 1.592259204956987473e+00, -4.398828831234315828e+01, -1.405565868299238446e+02, -1.992665307042290124e+02, -2.038246424368732335e+02, -4.813190976274499917e+02, -7.309261190844131306e+02, 1.780171214041730082e+03
