3.032798897160203921e+01, 2.844064871576669873e+01, 1.144300968560681930e+01, 4.639888121148239009e+00, 7.990098234856230164e+00, 4.708687203060916149e-01, 4.277736553584352563e+00, -2.149995648336547216e+00, -4.731604573958634319e+00, 1.258371010444298754e+01, -4.964258014951370979e-01, 1.048595464012648826e+01, 5.114397025207389369e+00, -5.576178498908149095e+00, -7.910029910703391565e+00
2.844064871576669873e+01, 5.716063298238412216e+01, 8.665312015673055868e+00, 2.690813447290822502e+00, 9.929144804302136862e+00, 6.009280342273867426e+00, -6.979503168176445449e+00, 5.010089047233727833e+00, -2.631969176672327659e+00, 1.815315604315895470e+01, -6.004777262969027696e+00, -2.890415678184202086e+00, 8.092355924171025450e+00, -4.916986213878900891e+00, 1.784875107206784550e+00
1.144300968560682286e+01, 8.665312015673057644e+00, 6.073126048608084204e+01, -1.456211896032709951e+01, -7.197701741606726600e+00, 2.560524924911674827e+00, 3.247252208426681941e-01, -8.190737494049114886e+00, -3.608279887326346191e+00, 1.688830659790179922e+01, 4.774786889096333198e+00, 1.582577487752002554e+01, 1.661261578896712665e+00, -1.157555911694416473e+01, -9.674463865349252956e+00
4.639888121148237232e+00, 2.690813447290827831e+00, -1.456211896032710662e+01, 9.620999058982316399e+01, -3.053191963978717993e+01, -6.612553433864709618e+00, 1.779466714810593819e+00, 3.322118209495923846e+00, 6.697286712141138132e+00, -8.356380781203979424e+00, 1.435930884587873102e+01, 7.563065209277706202e+00, -1.596830108011000426e+01, -1.474520491439650982e+01, -3.784721818635808255e+00
7.990098234856235493e+00, 9.929144804302133309e+00, -7.197701741606724823e+00, -3.053191963978719414e+01, 1.939336697659207687e+02, -7.142228376862057360e+01, -2.496220493634345416e+01, -2.694970074249781189e-01, -3.021264019042114057e+01, 2.046484848595925499e+01, -1.219198877111048018e+00, 4.282698497270215121e+00, -6.922881958623094967e+00, -2.224340313753175646e+00, -2.569577853564575687e+00
4.708687203060921145e-01, 6.009280342273866538e+00, 2.560524924911669942e+00, -6.612553433864666985e+00, -7.142228376862057360e+01, 3.276179444832663421e+02, -7.787757090233824897e+01, -7.474328074147790346e+01, -9.000211065368214136e+00, 3.351269550451094315e+00, -1.665439643375173517e+01, -3.337561031128591083e+01, -1.165398696028250303e+00, -7.636969328249996192e-01, 8.354179442553178347e+00
4.277736553584357893e+00, -6.979503168176412586e+00, 3.247252208426778530e-01, 1.779466714810581385e+00, -2.496220493634353588e+01, -7.787757090233809265e+01, 3.942167800869580674e+02, -1.101274432329945512e+02, -6.207796150485064857e+01, -6.342081895676279402e+01, -1.140783123606813554e+01, 1.544211427656868629e+01, -2.017443873296632972e+01, 4.400722094898521952e+00, -1.025379803845600080e+01
-2.149995648336569420e+00, 5.010089047233724280e+00, -8.190737494049136203e+00, 3.322118209495925623e+00, -2.694970074249788405e-01, -7.474328074147787504e+01, -1.101274432329944233e+02, 5.512724309345009033e+02, -1.592497174781132401e+02, -1.188981780250690861e+02, -6.379759702688120626e+01, -2.401177399854289973e+01, 8.765825492460466606e+00, 1.255585606202962090e+01, -5.475763929656482176e+00
-4.731604573958590798e+00, -2.631969176672300126e+00, -3.608279887326312885e+00, 6.697286712141177212e+00, -3.021264019042108018e+01, -9.000211065368091568e+00, -6.207796150485062725e+01, -1.592497174781135243e+02, 7.696876794692198018e+02, -2.562131902585502985e+02, -1.064217132211471721e+02, -3.973998820228808881e+01, -5.363717459036323021e+01, -9.621574150562718364e-01, -3.458197581237302387e+01
1.258371010444302307e+01, 1.815315604315894049e+01, 1.688830659790184541e+01, -8.356380781203986530e+00, 2.046484848595915196e+01, 3.351269550450818535e+00, -6.342081895676300007e+01, -1.188981780250693419e+02, -2.562131902585501848e+02, 1.088979848681499789e+03, -2.356712977681306711e+02, -1.879704731150992814e+02, -1.116734638649019615e+02, -9.243035725321206542e+01, -1.519724827728118566e+00
-4.964258014950948539e-01, -6.004777262968888252e+00, 4.774786889096317211e+00, 1.435930884587878431e+01, -1.219198877110852841e+00, -1.665439643375213663e+01, -1.140783123606800764e+01, -6.379759702688116363e+01, -1.064217132211485080e+02, -2.356712977681282553e+02, 1.115655590806406281e+03, -3.294240405084655094e+02, -2.333089260469628243e+02, -9.747013218170404514e+01, -2.124499016520145034e+01
1.048595464012637812e+01, -2.890415678184373061e+00, 1.582577487751995626e+01, 7.563065209277649359e+00, 4.282698497269994853e+00, -3.337561031128579003e+01, 1.544211427656928493e+01, -2.401177399854203287e+01, -3.973998820228829487e+01, -1.879704731151026920e+02, -3.294240405084634631e+02, 1.374575198955103133e+03, -3.040878353700943535e+02, -2.936241319795683467e+02, -1.514661247055088040e+02
5.114397025207397363e+00, 8.092355924171023673e+00, 1.661261578896686242e+00, -1.596830108011010729e+01, -6.922881958622946641e+00, -1.165398696028013159e+00, -2.017443873296777213e+01, 8.765825492463692470e+00, -5.363717459036469393e+01, -1.116734638649044058e+02, -2.333089260469628812e+02, -3.040878353700932735e+02, 1.750344509791277915e+03, -4.646146134337527087e+02, -5.527625839550548790e+02
-5.576178498908124226e+00, -4.916986213878849377e+00, -1.157555911694409545e+01, -1.474520491439632330e+01, -2.224340313753577103e+00, -7.636969328234681775e-01, 4.400722094899397696e+00, 1.255585606202789961e+01, -9.621574150575920026e-01, -9.243035725320815743e+01, -9.747013218170164350e+01, -2.936241319795712457e+02, -4.646146134337547551e+02, 1.817947769457128743e+03, -9.009833206735498834e+02
-7.910029910703402223e+00, 1.784875107206772560e+00, -9.674463865349254732e+00, -3.784721818635920609e+00, -2.569577853564539716e+00, 8.354179442552013057e+00, -1.025379803845610560e+01, -5.475763929657982310e+00, -3.458197581236925799e+01, -1.519724827729165506e+00, -2.124499016520503858e+01, -1.514661247055071556e+02, -5.527625839550531737e+02, -9.009833206735499971e+02, 1.581068854816900057e+03
