3.082060313187881206e+01, 3.523329101313611034e+01, 9.115305726485567916e+00, 6.976307814095451754e+00, 2.242437327876014297e-01, -1.734902275246930525e+00, -8.671568960382909808e+00, 7.542608187322477065e+00, -7.485478063944768223e-01, -4.083010565428534910e+00, 6.989638701030346901e+00, 3.094536556183334675e+00, 6.058747296878641109e+00, 7.460166620832347384e+00, 1.674687486710223183e+01
3.523329101313611034e+01, 7.655438485554476813e+01, 4.619529837851848342e+00, 5.876810800485167796e+00, 4.549011461511785370e+00, 4.348150302210441964e+00, -1.999592657108840754e+01, 2.763240224657606880e+00, -1.791635658318023516e+00, -6.997977408373358799e+00, 5.747945584880334025e+00, -7.955049317374585982e+00, 1.532613797327838867e+01, 7.947268645907774598e+00, 3.863954596921527695e+01
9.115305726485560811e+00, 4.619529837851841236e+00, 7.070973515760380224e+01, -2.020567397866552994e+01, -7.164237187495365866e+00, 1.973696944705642053e+00, -4.594960766158599164e+00, 8.331902917765448002e-01, -1.233668048839165721e+01, -3.834557893935524486e+00, -1.892749104857263021e+01, -9.649032536810019378e-01, 4.563218486439276411e+00, 1.058176999421464259e+01, 2.061497038925165270e+01
6.976307814095455306e+00, 5.876810800485168684e+00, -2.020567397866552284e+01, 1.083848276044317913e+02, -2.210291643007494145e+01, -1.456565938094449919e+01, -2.285833676366179290e+01, -1.080566969999962490e+00, -2.761330606248883868e+01, 5.643654760843990204e+00, -3.882179038237489443e+00, 4.249093896207913446e+00, 7.860220664020199699e+00, -7.902921986409821020e-01, 3.034565703306530082e+00
2.242437327875974329e-01, 4.549011461511776488e+00, -7.164237187495362313e+00, -2.210291643007492723e+01, 1.865588330454517916e+02, -6.733284517771058120e+01, -2.995192677725659181e+01, -2.812487846943611203e+01, -4.588695819505155704e+00, -3.425283444216037765e+01, -2.055635763646359138e+01, -1.284155395881355410e+01, -9.519848524382568122e-01, 1.561435149377932419e+01, 3.043435872051012581e+01
-1.734902275246927195e+00, 4.348150302210441964e+00, 1.973696944705633616e+00, -1.456565938094450097e+01, -6.733284517771056699e+01, 2.920308599286208278e+02, -6.198437878507544951e+01, -4.567674868876027006e+01, -4.781699178073446888e+01, -3.816968687486819789e+01, 9.510586121524619685e+00, -2.220181599892876179e+01, 2.350075239591416221e+01, -2.016411527575451501e+01, 1.638435896237673006e+01
-8.671568960382899149e+00, -1.999592657108839333e+01, -4.594960766158589394e+00, -2.285833676366179290e+01, -2.995192677725662023e+01, -6.198437878507537846e+01, 4.140658411769308032e+02, -7.381973598590285235e+01, -5.898793652943565036e+01, -6.315113591307066088e+01, -4.724758502792035841e+01, -5.209913399285645141e+01, -2.592549011307449902e+01, 8.219552754655483184e+00, 2.288073675265643203e+01
7.542608187322471736e+00, 2.763240224657600663e+00, 8.331902917765450223e-01, -1.080566969999967597e+00, -2.812487846943605518e+01, -4.567674868876033401e+01, -7.381973598590288077e+01, 5.544701144358497231e+02, -1.529120140255191416e+02, -6.575258659620770629e+01, -3.840148383702592128e+01, -2.085328752586737977e+01, -4.858083735260097313e+01, -4.736284916263862499e+01, 2.622038131531728666e+01
-7.485478063944452920e-01, -1.791635658318009527e+00, -1.233668048839167319e+01, -2.761330606248883512e+01, -4.588695819505145934e+00, -4.781699178073457546e+01, -5.898793652943556509e+01, -1.529120140255189142e+02, 7.830810711129256561e+02, -1.668876981868904181e+02, -8.968251547792641531e+01, -7.656123319688607864e+01, -8.858383242751061459e+01, -7.039042644302440976e+00, -3.163354309343420567e+01
-4.083010565428551786e+00, -6.997977408373358799e+00, -3.834557893935534700e+00, 5.643654760844024842e+00, -3.425283444216039186e+01, -3.816968687486811973e+01, -6.315113591307061114e+01, -6.575258659620783419e+01, -1.668876981868899918e+02, 1.040968123641026750e+03, -1.797991968534984437e+02, -1.301467425677386700e+02, -1.290389019823880119e+02, -7.324967860240009543e+01, -1.367007279793014334e+02
6.989638701030345125e+00, 5.747945584880327807e+00, -1.892749104857264797e+01, -3.882179038237475233e+00, -2.055635763646361269e+01, 9.510586121524525538e+00, -4.724758502792020920e+01, -3.840148383702591417e+01, -8.968251547792634426e+01, -1.797991968534979890e+02, 1.162985202936888527e+03, -1.973114004535356401e+02, -1.705105178254541158e+02, -1.503327832805710784e+02, -2.134931925443599994e+02
3.094536556183336007e+00, -7.955049317374571771e+00, -9.649032536810029370e-01, 4.249093896207920551e+00, -1.284155395881348660e+01, -2.220181599892887547e+01, -5.209913399285697722e+01, -2.085328752586735845e+01, -7.656123319688578022e+01, -1.301467425677386416e+02, -1.973114004535348727e+02, 1.301701197811290967e+03, -2.878020815851845100e+02, -2.565910101377281194e+02, -2.176289440590431639e+02
6.058747296878693511e+00, 1.532613797327852190e+01, 4.563218486439334143e+00, 7.860220664020180159e+00, -9.519848524383421884e-01, 2.350075239591432563e+01, -2.592549011307437823e+01, -4.858083735260067471e+01, -8.858383242751138198e+01, -1.290389019823892056e+02, -1.705105178254535474e+02, -2.878020815851835437e+02, 1.694359775036356950e+03, -4.384908803848714456e+02, -4.999451255761150605e+02
7.460166620832385576e+00, 7.947268645907828777e+00, 1.058176999421463016e+01, -7.902921986409087163e-01, 1.561435149377903819e+01, -2.016411527575437646e+01, 8.219552754655936155e+00, -4.736284916263952027e+01, -7.039042644302885066e+00, -7.324967860239857487e+01, -1.503327832805712490e+02, -2.565910101377281762e+02, -4.384908803848701950e+02, 1.736357750495330265e+03, -7.535782792149478837e+02
1.674687486710214657e+01, 3.863954596921507800e+01, 2.061497038925164915e+01, 3.034565703306493223e+00, 3.043435872051037450e+01, 1.638435896237665901e+01, 2.288073675265609808e+01, 2.622038131531770233e+01, -3.163354309343390014e+01, -1.367007279793018597e+02, -2.134931925443606531e+02, -2.176289440590435333e+02, -4.999451255761159700e+02, -7.535782792149462921e+02, 1.740535607993770782e+03
