2.862399539635812928e+01, 2.883226555478620412e+01, 1.145108900751565528e+01, 9.931664019187680381e+00, -5.566595429587428256e+00, -6.561473829772498156e+00, -2.069250720659818743e+00, -6.770667035406112255e+00, -8.415176266720829190e+00, -2.026061317564388453e+00, -8.866473487622251071e+00, 1.897238006875515381e+01, 4.886629866570669556e+00, 1.593058920385225363e+01, 2.463011667017894268e+01
2.883226555478618991e+01, 6.481166933854835577e+01, 6.381600336146546759e+00, 1.216223843119393777e+01, -3.005137749732319286e+00, -1.385939003396918778e+01, -2.764780375358747655e+00, -1.664841289828700255e+01, -9.529915787532644345e+00, -1.515408546197766704e+01, 5.085971578258148273e-01, 2.257217592707094056e+01, 2.359011521787154564e+00, 1.541352301637886413e+01, 3.247689321774124238e+01
1.145108900751565351e+01, 6.381600336146544983e+00, 7.020371400465828060e+01, -1.424332691417265018e+01, -1.281006508673238642e+01, -1.211417132633694926e+01, -1.609860771981856287e+00, -1.904769639486213195e-01, -3.321773731786279171e+01, -1.170116273619065872e+01, -1.456645262130103369e+01, 2.839211339056995520e+00, 9.314550920382984600e+00, 2.527946017264573442e+01, 2.462440205878773369e+01
9.931664019187683934e+00, 1.216223843119394488e+01, -1.424332691417265728e+01, 1.193219991797624431e+02, -3.090524879627637844e+01, -3.176365423532707410e+01, -2.605592608266069021e+01, -2.121951887032150807e+01, -8.549166360909516982e+00, 3.323253037524708020e+00, -4.042653381779957300e+01, -4.484873314002784106e+00, 1.782873073099874617e+01, 4.483836873744890816e+00, 9.946383129574476456e+00
-5.566595429587435362e+00, -3.005137749732326835e+00, -1.281006508673239175e+01, -3.090524879627638910e+01, 1.989971865412219643e+02, -5.268413407720755259e+01, -2.959202787432139914e+01, -2.174902179217612996e+01, -1.302609183039441909e+01, 3.454926298458243838e+00, -7.806862960571467447e+00, -1.937922517997496641e+01, -2.158301037438660686e+01, -1.212867257166480917e+00, 1.503136188597554401e+01
-6.561473829772483946e+00, -1.385939003396917890e+01, -1.211417132633694393e+01, -3.176365423532708476e+01, -5.268413407720753838e+01, 3.429558233594852368e+02, -5.633986498482232008e+01, -5.200153723531311556e+01, -3.331789499983368330e+01, -5.411111963745167230e+01, 1.184160615699623720e-01, -1.788069357038672891e+01, 9.291238203978387844e+00, -2.999848008431554192e+01, 2.382003017406431500e+00
-2.069250720659820075e+00, -2.764780375358756537e+00, -1.609860771981888483e+00, -2.605592608266066179e+01, -2.959202787432141335e+01, -5.633986498482229877e+01, 4.302123376169398625e+02, -8.720563179469598936e+01, -6.199700783645415925e+01, -5.686252757729936747e+01, -1.577621122383646934e+01, -9.601106051635310834e+00, -5.728208185391009977e+01, 7.194389949852091348e+00, -1.932123442069317676e+01
-6.770667035406126466e+00, -1.664841289828700255e+01, -1.904769639486216526e-01, -2.121951887032160400e+01, -2.174902179217613707e+01, -5.200153723531300898e+01, -8.720563179469604620e+01, 5.926532661596444314e+02, -1.019410313632865694e+02, -9.587139689835994716e+01, -2.947383296408735731e+01, -4.149863267573623204e+01, -3.782056420933524521e+01, -5.008505718117838512e+01, -6.454978882552583741e+01
-8.415176266720816756e+00, -9.529915787532642568e+00, -3.321773731786274197e+01, -8.549166360909545404e+00, -1.302609183039445284e+01, -3.331789499983357672e+01, -6.199700783645413793e+01, -1.019410313632866831e+02, 7.659828142820309722e+02, -1.609555719159396006e+02, -7.769627535833522813e+01, -4.319014011600815905e+01, -5.375617075131571454e+01, -5.896003652984041565e+01, -1.043999549000808997e+02
-2.026061317564424868e+00, -1.515408546197769368e+01, -1.170116273619069602e+01, 3.323253037524772857e+00, 3.454926298458257605e+00, -5.411111963745172915e+01, -5.686252757729936747e+01, -9.587139689835963452e+01, -1.609555719159399700e+02, 9.895460714567634568e+02, -2.021316042146060568e+02, -1.710178131619634314e+02, -1.384374792054583452e+02, -7.086974405365252494e+01, -5.110153342599001292e+01
-8.866473487622263505e+00, 5.085971578257969528e-01, -1.456645262130097684e+01, -4.042653381779963695e+01, -7.806862960571486987e+00, 1.184160615698530011e-01, -1.577621122383663277e+01, -2.947383296408763442e+01, -7.769627535833508603e+01, -2.021316042146062557e+02, 1.229986967459256221e+03, -2.365979513519080797e+02, -1.872342897491018903e+02, -2.285636988171821429e+02, -1.433809604719114930e+02
1.897238006875520711e+01, 2.257217592707095832e+01, 2.839211339057010175e+00, -4.484873314002799205e+00, -1.937922517997501259e+01, -1.788069357038648732e+01, -9.601106051635113658e+00, -4.149863267573662995e+01, -4.319014011600817327e+01, -1.710178131619637725e+02, -2.365979513519083355e+02, 1.274671210915520987e+03, -2.857274212456404712e+02, -1.834556789294778696e+02, -1.827801429010052914e+02
4.886629866570705971e+00, 2.359011521787178989e+00, 9.314550920383050325e+00, 1.782873073099878525e+01, -2.158301037438659620e+01, 9.291238203978116061e+00, -5.728208185391019214e+01, -3.782056420933498941e+01, -5.375617075131496136e+01, -1.384374792054584304e+02, -1.872342897491030840e+02, -2.857274212456410964e+02, 1.559137336991052280e+03, -4.080460181973017484e+02, -3.779883779366594467e+02
1.593058920385223942e+01, 1.541352301637885525e+01, 2.527946017264569534e+01, 4.483836873745020490e+00, -1.212867257166626800e+00, -2.999848008431539625e+01, 7.194389949852031840e+00, -5.008505718117805827e+01, -5.896003652983997512e+01, -7.086974405365249652e+01, -2.285636988171819439e+02, -1.834556789294780970e+02, -4.080460181973026579e+02, 1.785711810156223009e+03, -7.093129733986389738e+02
2.463011667017890716e+01, 3.247689321774124238e+01, 2.462440205878769817e+01, 9.946383129574387638e+00, 1.503136188597567191e+01, 2.382003017406205458e+00, -1.932123442069293162e+01, -6.454978882552602215e+01, -1.043999549000818945e+02, -5.110153342598957948e+01, -1.433809604719106972e+02, -1.827801429010050356e+02, -3.779883779366597878e+02, -7.093129733986388601e+02, 1.679371464493681970e+03
