1.000000000000000000e+00, 1.832315107835547296e+00
2.000000000000000000e+00, 2.108978720813470709e+00
3.000000000000000000e+00, 1.533145504179953100e+00
4.000000000000000000e+00, 8.767762830231771165e-01
5.000000000000000000e+00, 6.509982676676367985e-01
6.000000000000000000e+00, 2.964372213428035363e-01
7.000000000000000000e+00, -2.257281538696536694e-01
8.000000000000000000e+00, -5.069064908286010640e-01
9.000000000000000000e+00, -7.857246892230956847e-01
1.000000000000000000e+01, -1.110871630042832292e+00
1.100000000000000000e+01, -1.574533622929285892e+00
1.200000000000000000e+01, -1.906807495325625990e+00
1.300000000000000000e+01, -2.083477381238060477e+00
1.400000000000000000e+01, -2.385724642479308599e+00
1.500000000000000000e+01, -2.752814119318120145e+00
1.600000000000000000e+01, -3.014294991187948192e+00
1.700000000000000000e+01, -3.258798465093327490e+00
1.800000000000000000e+01, -3.519691945129281407e+00
1.900000000000000000e+01, -3.835288444986385326e+00
2.000000000000000000e+01, -4.020481720728841246e+00
2.100000000000000000e+01, -4.340735276765350648e+00
2.200000000000000000e+01, -4.511351471997438800e+00
2.300000000000000000e+01, -4.803140181239547779e+00
2.400000000000000000e+01, -5.050820717021835549e+00
2.500000000000000000e+01, -5.284717010470896703e+00
2.600000000000000000e+01, -5.522742967645653422e+00
2.700000000000000000e+01, -5.753136624512439568e+00
2.800000000000000000e+01, -5.970226758925364585e+00
2.900000000000000000e+01, -6.190170852578531502e+00
3.000000000000000000e+01, -6.397103941611408828e+00
3.100000000000000000e+01, -6.653766644338976910e+00
3.200000000000000000e+01, -6.869533092045179146e+00
3.300000000000000000e+01, -7.090186627330475666e+00
3.400000000000000000e+01, -7.295927107202573758e+00
3.500000000000000000e+01, -7.503157651573055809e+00
3.600000000000000000e+01, -7.708142835276613702e+00
3.700000000000000000e+01, -7.924120040876075244e+00
3.800000000000000000e+01, -8.128597696000348094e+00
3.900000000000000000e+01, -8.367242128572655702e+00
4.000000000000000000e+01, -8.531415253934463649e+00
4.100000000000000000e+01, -8.753347349616710460e+00
4.200000000000000000e+01, -8.929501764666271768e+00
4.300000000000000000e+01, -9.176037831453047744e+00
4.400000000000000000e+01, -9.346950655111369244e+00
4.500000000000000000e+01, -9.563665279421451615e+00
4.600000000000000000e+01, -9.762143728693764899e+00
4.700000000000000000e+01, -9.956425425366397519e+00
4.800000000000000000e+01, -1.016970786274497129e+01
4.900000000000000000e+01, -1.033203191470501991e+01
5.000000000000000000e+01, -1.054668647954459360e+01
5.100000000000000000e+01, -1.074736085773619365e+01
5.200000000000000000e+01, -1.093668583028265218e+01
5.300000000000000000e+01, -1.112396523978905272e+01
5.400000000000000000e+01, -1.133459398762941106e+01
5.500000000000000000e+01, -1.152219404738345787e+01
5.600000000000000000e+01, -1.171400774056366956e+01
5.700000000000000000e+01, -1.188125300522855277e+01
5.800000000000000000e+01, -1.208908899820112204e+01
5.900000000000000000e+01, -1.227427772500664638e+01
6.000000000000000000e+01, -1.247333626627463055e+01
6.100000000000000000e+01, -1.266020773347151263e+01
6.200000000000000000e+01, -1.284030836629119499e+01
6.300000000000000000e+01, -1.303400795738048501e+01
6.400000000000000000e+01, -1.321608333611372998e+01
6.500000000000000000e+01, -1.340677820863732350e+01
6.600000000000000000e+01, -1.361066120803963919e+01
6.700000000000000000e+01, -1.378023394865170914e+01
6.800000000000000000e+01, -1.397376876353230557e+01
6.900000000000000000e+01, -1.415233373974725239e+01
7.000000000000000000e+01, -1.432712548992850721e+01
7.100000000000000000e+01, -1.454171929376964734e+01
7.200000000000000000e+01, -1.469206032228793646e+01
7.300000000000000000e+01, -1.490529613612607207e+01
7.400000000000000000e+01, -1.506970559716302560e+01
7.500000000000000000e+01, -1.525339111772519729e+01
7.600000000000000000e+01, -1.545576387520149453e+01
7.700000000000000000e+01, -1.561823650159152166e+01
7.800000000000000000e+01, -1.581511664302504627e+01
7.900000000000000000e+01, -1.597650470237610953e+01
8.000000000000000000e+01, -1.618062282905185256e+01
8.100000000000000000e+01, -1.634984697618122595e+01
8.200000000000000000e+01, -1.653457565825540243e+01
8.300000000000000000e+01, -1.671793754360628625e+01
8.400000000000000000e+01, -1.688522001882471812e+01
8.500000000000000000e+01, -1.708951483135703597e+01
8.600000000000000000e+01, -1.724395703185654938e+01
8.700000000000000000e+01, -1.744036034313465322e+01
8.800000000000000000e+01, -1.760718455886426526e+01
8.900000000000000000e+01, -1.778959433111662847e+01
9.000000000000000000e+01, -1.796874284849606696e+01
9.100000000000000000e+01, -1.814506958961746008e+01
9.200000000000000000e+01, -1.832256140285774748e+01
9.300000000000000000e+01, -1.850870629931372591e+01
9.400000000000000000e+01, -1.867854461783602815e+01
9.500000000000000000e+01, -1.885618720513085833e+01
9.600000000000000000e+01, -1.903457866101585338e+01
9.700000000000000000e+01, -1.920488246370337393e+01
9.800000000000000000e+01, -1.937463918204242574e+01
9.900000000000000000e+01, -1.956418740245877785e+01
1.000000000000000000e+02, -1.973745834573224656e+01
1.010000000000000000e+02, -1.991065920198003880e+01
1.020000000000000000e+02, -2.008619538914249603e+01
1.030000000000000000e+02, -2.025502014051243549e+01
1.040000000000000000e+02, -2.042915280343802564e+01
1.050000000000000000e+02, -2.061137970797440744e+01
1.060000000000000000e+02, -2.077291799302067332e+01
1.070000000000000000e+02, -2.094826234184690961e+01
1.080000000000000000e+02, -2.111869926332816760e+01
1.090000000000000000e+02, -2.129985238940837888e+01
1.100000000000000000e+02, -2.145730666210148030e+01
1.110000000000000000e+02, -2.163935354965353142e+01
1.120000000000000000e+02, -2.181186279732026989e+01
1.130000000000000000e+02, -2.197620946003697284e+01
1.140000000000000000e+02, -2.214579060154382972e+01
1.150000000000000000e+02, -2.231496342977004943e+01
1.160000000000000000e+02, -2.248862216023857385e+01
1.170000000000000000e+02, -2.265919241110178461e+01
1.180000000000000000e+02, -2.280346256708694597e+01
1.190000000000000000e+02, -2.299655927455404480e+01
1.200000000000000000e+02, -2.314979657670405899e+01
1.210000000000000000e+02, -2.332645362362464425e+01
1.220000000000000000e+02, -2.348623282022112591e+01
1.230000000000000000e+02, -2.364544686360094161e+01
1.240000000000000000e+02, -2.381098427786823635e+01
1.250000000000000000e+02, -2.397087662336501879e+01
1.260000000000000000e+02, -2.414526336966640940e+01
1.270000000000000000e+02, -2.429716617630477060e+01
1.280000000000000000e+02, -2.445775442038191372e+01
1.290000000000000000e+02, -2.462122249871132240e+01
1.300000000000000000e+02, -2.477909535929416052e+01
1.310000000000000000e+02, -2.493262104936236412e+01
1.320000000000000000e+02, -2.509323470415440838e+01
1.330000000000000000e+02, -2.524945992336992617e+01
1.340000000000000000e+02, -2.540943203744435053e+01
1.350000000000000000e+02, -2.555111404764920380e+01
1.360000000000000000e+02, -2.570324265662806695e+01
1.370000000000000000e+02, -2.586064390883431230e+01
1.380000000000000000e+02, -2.601432974489310368e+01
1.390000000000000000e+02, -2.615651518627936412e+01
1.400000000000000000e+02, -2.630591580777029037e+01
1.410000000000000000e+02, -2.644387556518745086e+01
1.420000000000000000e+02, -2.659339457990749622e+01
1.430000000000000000e+02, -2.673472371329522801e+01
1.440000000000000000e+02, -2.687165113642796044e+01
1.450000000000000000e+02, -2.701218744780550196e+01
1.460000000000000000e+02, -2.714463680877761576e+01
1.470000000000000000e+02, -2.728443698853524069e+01
1.480000000000000000e+02, -2.741021579292482357e+01
1.490000000000000000e+02, -2.754763344758514521e+01
1.500000000000000000e+02, -2.767709602206697994e+01
1.510000000000000000e+02, -2.780838523243148686e+01
1.520000000000000000e+02, -2.791805254592153318e+01
1.530000000000000000e+02, -2.804578472503719411e+01
1.540000000000000000e+02, -2.817621875106031126e+01
1.550000000000000000e+02, -2.828049565034494961e+01
1.560000000000000000e+02, -2.840589758223152828e+01
1.570000000000000000e+02, -2.851516747946795505e+01
1.580000000000000000e+02, -2.862890472446662216e+01
1.590000000000000000e+02, -2.873745004603504327e+01
1.600000000000000000e+02, -2.884782161510977261e+01
1.610000000000000000e+02, -2.894525710012954178e+01
1.620000000000000000e+02, -2.905979219026038152e+01
1.630000000000000000e+02, -2.915211536076161636e+01
1.640000000000000000e+02, -2.925057842855328261e+01
1.650000000000000000e+02, -2.934875569254974081e+01
1.660000000000000000e+02, -2.944723143400304011e+01
1.670000000000000000e+02, -2.953391489832204186e+01
1.680000000000000000e+02, -2.963140985832762908e+01
1.690000000000000000e+02, -2.971142977075256653e+01
1.700000000000000000e+02, -2.980404088214586977e+01
1.710000000000000000e+02, -2.988664902001627155e+01
1.720000000000000000e+02, -2.996812578037669184e+01
1.730000000000000000e+02, -3.006188470394476653e+01
1.740000000000000000e+02, -3.012749236627107408e+01
1.750000000000000000e+02, -3.020786566559429076e+01
1.760000000000000000e+02, -3.028214382955072281e+01
1.770000000000000000e+02, -3.036217048329707069e+01
1.780000000000000000e+02, -3.043386827833191077e+01
1.790000000000000000e+02, -3.049904768725258819e+01
1.800000000000000000e+02, -3.057334825047422910e+01
1.810000000000000000e+02, -3.063524275006718156e+01
1.820000000000000000e+02, -3.070360121478910997e+01
1.830000000000000000e+02, -3.076957883817963690e+01
1.840000000000000000e+02, -3.082590587996452669e+01
1.850000000000000000e+02, -3.088981359831560169e+01
1.860000000000000000e+02, -3.094524681587643045e+01
1.870000000000000000e+02, -3.099553281924808346e+01
1.880000000000000000e+02, -3.105666630106064119e+01
1.890000000000000000e+02, -3.110982978451527359e+01
1.900000000000000000e+02, -3.115201030412319128e+01
1.910000000000000000e+02, -3.119714248693959746e+01
