1.000000000000000000e+00, 2.873711770693519352e+00
2.000000000000000000e+00, 2.986540380055179078e+00
3.000000000000000000e+00, 2.271323553818892726e+00
4.000000000000000000e+00, 1.450610619436063731e+00
5.000000000000000000e+00, 1.246312883441442754e+00
6.000000000000000000e+00, 9.924064597142905342e-01
7.000000000000000000e+00, 6.106453536835908524e-01
8.000000000000000000e+00, 4.930803322033074920e-01
9.000000000000000000e+00, 3.952601709360554216e-01
1.000000000000000000e+01, 2.689291118545499293e-01
1.100000000000000000e+01, -6.034564297091290011e-03
1.200000000000000000e+01, -1.637502325756793609e-01
1.300000000000000000e+01, -1.660822410871632404e-01
1.400000000000000000e+01, -2.855480428030770512e-01
1.500000000000000000e+01, -4.793836432559385186e-01
1.600000000000000000e+01, -5.809120539275867134e-01
1.700000000000000000e+01, -6.653024266984828294e-01
1.800000000000000000e+01, -7.675732350466264453e-01
1.900000000000000000e+01, -9.293501194857134440e-01
2.000000000000000000e+01, -9.666433979468378457e-01
2.100000000000000000e+01, -1.139823818175756509e+00
2.200000000000000000e+01, -1.166910207443643266e+00
2.300000000000000000e+01, -1.315367166914502839e+00
2.400000000000000000e+01, -1.425169074814752967e+00
2.500000000000000000e+01, -1.524934426529502840e+00
2.600000000000000000e+01, -1.630638896882428135e+00
2.700000000000000000e+01, -1.731064245668230139e+00
2.800000000000000000e+01, -1.820634273126030100e+00
2.900000000000000000e+01, -1.912579736069097258e+00
3.000000000000000000e+01, -1.991936904781002715e+00
3.100000000000000000e+01, -2.122902830280062325e+00
3.200000000000000000e+01, -2.217392695288665561e+00
3.300000000000000000e+01, -2.317378274321514553e+00
3.400000000000000000e+01, -2.403709481392355407e+00
3.500000000000000000e+01, -2.492264809779754398e+00
3.600000000000000000e+01, -2.578721489916434795e+00
3.700000000000000000e+01, -2.676048420252616022e+00
3.800000000000000000e+01, -2.763630109173028870e+00
3.900000000000000000e+01, -2.887487157993802622e+00
4.000000000000000000e+01, -2.937292865583381651e+00
4.100000000000000000e+01, -3.043892586369926434e+00
4.200000000000000000e+01, -3.104775304574119321e+00
4.300000000000000000e+01, -3.237393751409562981e+00
4.400000000000000000e+01, -3.295584919739745100e+00
4.500000000000000000e+01, -3.399027033303944734e+00
4.600000000000000000e+01, -3.485382809344978128e+00
4.700000000000000000e+01, -3.568440489643831981e+00
4.800000000000000000e+01, -3.670925690405109965e+00
4.900000000000000000e+01, -3.722510909000715795e+00
5.000000000000000000e+01, -3.824720084957529576e+00
5.100000000000000000e+01, -3.915851551723004143e+00
5.200000000000000000e+01, -3.995130529957013454e+00
5.300000000000000000e+01, -4.071805421869604480e+00
5.400000000000000000e+01, -4.172939102042938053e+00
5.500000000000000000e+01, -4.252321631005536950e+00
5.600000000000000000e+01, -4.335691634902069325e+00
5.700000000000000000e+01, -4.393239136339780693e+00
5.800000000000000000e+01, -4.491266500138003437e+00
5.900000000000000000e+01, -4.568021644468826636e+00
6.000000000000000000e+01, -4.658102576451776500e+00
6.100000000000000000e+01, -4.736926610288207051e+00
6.200000000000000000e+01, -4.808494893022979610e+00
6.300000000000000000e+01, -4.893873767708328160e+00
6.400000000000000000e+01, -4.967610028907948561e+00
6.500000000000000000e+01, -5.049466833907140462e+00
6.600000000000000000e+01, -5.146354068361909562e+00
6.700000000000000000e+01, -5.209282515068680119e+00
6.800000000000000000e+01, -5.295318667863335271e+00
6.900000000000000000e+01, -5.366641316770929926e+00
7.000000000000000000e+01, -5.433367734586776798e+00
7.100000000000000000e+01, -5.541201093230195163e+00
7.200000000000000000e+01, -5.584555091908351088e+00
7.300000000000000000e+01, -5.690594255518907296e+00
7.400000000000000000e+01, -5.748443461781852726e+00
7.500000000000000000e+01, -5.824921282832490554e+00
7.600000000000000000e+01, -5.920851413610052738e+00
7.700000000000000000e+01, -5.977216505534117097e+00
7.800000000000000000e+01, -6.067758460885079863e+00
7.900000000000000000e+01, -6.122629382667193809e+00
8.000000000000000000e+01, -6.220270184822115134e+00
8.100000000000000000e+01, -6.283785922956671044e+00
8.200000000000000000e+01, -6.362689289373808066e+00
8.300000000000000000e+01, -6.440282440187584889e+00
8.400000000000000000e+01, -6.501870713789034362e+00
8.500000000000000000e+01, -6.600687220058227389e+00
8.600000000000000000e+01, -6.650233778793134043e+00
8.700000000000000000e+01, -6.741237735756812732e+00
8.800000000000000000e+01, -6.803093407668491466e+00
8.900000000000000000e+01, -6.880143868593168399e+00
9.000000000000000000e+01, -6.954309055895105729e+00
9.100000000000000000e+01, -7.025699495592850674e+00
9.200000000000000000e+01, -7.098561250185285942e+00
9.300000000000000000e+01, -7.180195018777077109e+00
9.400000000000000000e+01, -7.246060684800506024e+00
9.500000000000000000e+01, -7.319371426423390226e+00
9.600000000000000000e+01, -7.393994538734605548e+00
9.700000000000000000e+01, -7.460745571600281068e+00
9.800000000000000000e+01, -7.525935137133431319e+00
9.900000000000000000e+01, -7.611582650971054242e+00
1.000000000000000000e+02, -7.681987228378774901e+00
1.010000000000000000e+02, -7.752205470287641731e+00
1.020000000000000000e+02, -7.824702684380960171e+00
1.030000000000000000e+02, -7.890903434388246040e+00
1.040000000000000000e+02, -7.962393275654052083e+00
1.050000000000000000e+02, -8.042160015397024964e+00
1.060000000000000000e+02, -8.101939386281570066e+00
1.070000000000000000e+02, -8.174794704051889127e+00
1.080000000000000000e+02, -8.243486312266831817e+00
1.090000000000000000e+02, -8.322819971493867541e+00
1.100000000000000000e+02, -8.379180654623350932e+00
1.110000000000000000e+02, -8.459756618319991262e+00
1.120000000000000000e+02, -8.532097321410136104e+00
1.130000000000000000e+02, -8.596230996097281363e+00
1.140000000000000000e+02, -8.665578944462307476e+00
1.150000000000000000e+02, -8.735245468141094705e+00
1.160000000000000000e+02, -8.809468480652407507e+00
1.170000000000000000e+02, -8.881391165557429801e+00
1.180000000000000000e+02, -8.927212368870296899e+00
1.190000000000000000e+02, -9.021430258898224253e+00
1.200000000000000000e+02, -9.077349715218453241e+00
1.210000000000000000e+02, -9.156786725017463269e+00
1.220000000000000000e+02, -9.220338615162599893e+00
1.230000000000000000e+02, -9.283320231302992553e+00
1.240000000000000000e+02, -9.353010078521462489e+00
1.250000000000000000e+02, -9.417665796253423593e+00
1.260000000000000000e+02, -9.497663712926152968e+00
1.270000000000000000e+02, -9.556228256027351264e+00
1.280000000000000000e+02, -9.623580592729233274e+00
1.290000000000000000e+02, -9.694466847317425362e+00
1.300000000000000000e+02, -9.761525504690210298e+00
1.310000000000000000e+02, -9.824042705824581390e+00
1.320000000000000000e+02, -9.894727858756905192e+00
1.330000000000000000e+02, -9.962057882920728247e+00
1.340000000000000000e+02, -1.003474730029041417e+01
1.350000000000000000e+02, -1.008971702745040666e+01
1.360000000000000000e+02, -1.015594537074611914e+01
1.370000000000000000e+02, -1.022823262676378242e+01
1.380000000000000000e+02, -1.029923286707289876e+01
1.390000000000000000e+02, -1.035968134892445214e+01
1.400000000000000000e+02, -1.042817370264964083e+01
1.410000000000000000e+02, -1.048694440935382843e+01
1.420000000000000000e+02, -1.055878098000831677e+01
1.430000000000000000e+02, -1.062389197088744908e+01
1.440000000000000000e+02, -1.068563361367387543e+01
1.450000000000000000e+02, -1.075315684374236191e+01
1.460000000000000000e+02, -1.081423527685027430e+01
1.470000000000000000e+02, -1.088452362458366984e+01
1.480000000000000000e+02, -1.094119111685928480e+01
1.490000000000000000e+02, -1.101284050449974927e+01
1.500000000000000000e+02, -1.107794996063173265e+01
1.510000000000000000e+02, -1.114730482434109859e+01
1.520000000000000000e+02, -1.119611382143658318e+01
1.530000000000000000e+02, -1.126488917382081922e+01
1.540000000000000000e+02, -1.133894789258021696e+01
1.550000000000000000e+02, -1.138876517531544330e+01
1.560000000000000000e+02, -1.146073247804479145e+01
1.570000000000000000e+02, -1.151941850631474829e+01
1.580000000000000000e+02, -1.158488704092391508e+01
1.590000000000000000e+02, -1.164623342323545607e+01
1.600000000000000000e+02, -1.171179967283218915e+01
1.610000000000000000e+02, -1.176603000654459485e+01
1.620000000000000000e+02, -1.183986684416182911e+01
1.630000000000000000e+02, -1.189278341724004839e+01
1.640000000000000000e+02, -1.195407832111983026e+01
1.650000000000000000e+02, -1.201640767727162462e+01
1.660000000000000000e+02, -1.208130897910646873e+01
1.670000000000000000e+02, -1.213601960906946253e+01
1.680000000000000000e+02, -1.220285781405227965e+01
1.690000000000000000e+02, -1.225393820832617031e+01
1.700000000000000000e+02, -1.231925943837789639e+01
1.710000000000000000e+02, -1.237610007127346812e+01
1.720000000000000000e+02, -1.243339641251415095e+01
1.730000000000000000e+02, -1.250379623234324633e+01
1.740000000000000000e+02, -1.254820211499679949e+01
1.750000000000000000e+02, -1.260766739050475493e+01
1.760000000000000000e+02, -1.266272969977129392e+01
1.770000000000000000e+02, -1.272478267099054428e+01
1.780000000000000000e+02, -1.277896682493676117e+01
1.790000000000000000e+02, -1.282871022319131527e+01
1.800000000000000000e+02, -1.288734255019910790e+01
1.810000000000000000e+02, -1.293487083701797857e+01
1.820000000000000000e+02, -1.299003876109532385e+01
1.830000000000000000e+02, -1.304315426370312281e+01
1.840000000000000000e+02, -1.308789301001264249e+01
1.850000000000000000e+02, -1.314002462020431494e+01
1.860000000000000000e+02, -1.318537332521340666e+01
1.870000000000000000e+02, -1.322540941041601847e+01
1.880000000000000000e+02, -1.327781679109357249e+01
1.890000000000000000e+02, -1.332201919105658661e+01
1.900000000000000000e+02, -1.335671398752539751e+01
1.910000000000000000e+02, -1.339516035271442718e+01
