1.000000000000000000e+00, 2.698418973986083547e+00
2.000000000000000000e+00, 2.857577865953113250e+00
3.000000000000000000e+00, 2.108593169388801147e+00
4.000000000000000000e+00, 1.333914386500242077e+00
5.000000000000000000e+00, 1.144516674352087815e+00
6.000000000000000000e+00, 9.046801178708243629e-01
7.000000000000000000e+00, 5.303208231453956367e-01
8.000000000000000000e+00, 4.093270405602368323e-01
9.000000000000000000e+00, 3.074187371238356614e-01
1.000000000000000000e+01, 1.686652169997500672e-01
1.100000000000000000e+01, -1.198304425350844166e-01
1.200000000000000000e+01, -2.943778956188065621e-01
1.300000000000000000e+01, -3.124585553894757561e-01
1.400000000000000000e+01, -4.497520675064308748e-01
1.500000000000000000e+01, -6.622793299706215553e-01
1.600000000000000000e+01, -7.805347130455591032e-01
1.700000000000000000e+01, -8.810817533641289723e-01
1.800000000000000000e+01, -1.000268627054067050e+00
1.900000000000000000e+01, -1.180380992505753790e+00
2.000000000000000000e+01, -1.233395306390829393e+00
2.100000000000000000e+01, -1.422733667445083672e+00
2.200000000000000000e+01, -1.465577654734937063e+00
2.300000000000000000e+01, -1.629427638494649999e+00
2.400000000000000000e+01, -1.754705930651902168e+00
2.500000000000000000e+01, -1.868663048350402089e+00
2.600000000000000000e+01, -1.988569852214766787e+00
2.700000000000000000e+01, -2.103617412620503835e+00
2.800000000000000000e+01, -2.206671211611423988e+00
2.900000000000000000e+01, -2.312034844094379427e+00
3.000000000000000000e+01, -2.404798974430433223e+00
3.100000000000000000e+01, -2.549008926646758155e+00
3.200000000000000000e+01, -2.655681002851359551e+00
3.300000000000000000e+01, -2.767906193109918700e+00
3.400000000000000000e+01, -2.866671920779912508e+00
3.500000000000000000e+01, -2.967359889420806418e+00
3.600000000000000000e+01, -3.065202964174366773e+00
3.700000000000000000e+01, -3.174433344069699459e+00
3.800000000000000000e+01, -3.273225711046479081e+00
3.900000000000000000e+01, -3.407853011821966760e+00
4.000000000000000000e+01, -3.468900822210618351e+00
4.100000000000000000e+01, -3.586020392028718362e+00
4.200000000000000000e+01, -3.657719785894165465e+00
4.300000000000000000e+01, -3.800655806243627310e+00
4.400000000000000000e+01, -3.869533513580526218e+00
4.500000000000000000e+01, -3.983154992633812341e+00
4.600000000000000000e+01, -4.079531653289431681e+00
4.700000000000000000e+01, -4.172417176330512234e+00
4.800000000000000000e+01, -4.284518409522023674e+00
4.900000000000000000e+01, -4.345752171097881700e+00
5.000000000000000000e+01, -4.457927479904449264e+00
5.100000000000000000e+01, -4.558205966136350540e+00
5.200000000000000000e+01, -4.646895076297506755e+00
5.300000000000000000e+01, -4.732885084435933365e+00
5.400000000000000000e+01, -4.843442781837617339e+00
5.500000000000000000e+01, -4.931663675683363834e+00
5.600000000000000000e+01, -5.024094188625393365e+00
5.700000000000000000e+01, -5.090853394747376193e+00
5.800000000000000000e+01, -5.197560491101630653e+00
5.900000000000000000e+01, -5.283203289400685065e+00
6.000000000000000000e+01, -5.382115857038489715e+00
6.100000000000000000e+01, -5.469819585234512616e+00
6.200000000000000000e+01, -5.550168428962584777e+00
6.300000000000000000e+01, -5.643981930257748303e+00
6.400000000000000000e+01, -5.726273151110037318e+00
6.500000000000000000e+01, -5.816978374516136086e+00
6.600000000000000000e+01, -5.922227118371300669e+00
6.700000000000000000e+01, -5.993386234440356120e+00
6.800000000000000000e+01, -6.087871821181826348e+00
6.900000000000000000e+01, -6.167479413718117698e+00
7.000000000000000000e+01, -6.242595418115034711e+00
7.100000000000000000e+01, -6.358621894715302147e+00
7.200000000000000000e+01, -6.410322188037549829e+00
7.300000000000000000e+01, -6.524753355717541226e+00
7.400000000000000000e+01, -6.590813134877751445e+00
7.500000000000000000e+01, -6.675511042659829641e+00
7.600000000000000000e+01, -6.779409834685455216e+00
7.700000000000000000e+01, -6.843930056718193988e+00
7.800000000000000000e+01, -6.942627565521322985e+00
7.900000000000000000e+01, -7.005618724667358244e+00
8.000000000000000000e+01, -7.111536980746404168e+00
8.100000000000000000e+01, -7.182908315940699673e+00
8.200000000000000000e+01, -7.269856587590482810e+00
8.300000000000000000e+01, -7.355523855014680201e+00
8.400000000000000000e+01, -7.425053278481525076e+00
8.500000000000000000e+01, -7.531849242854010917e+00
8.600000000000000000e+01, -7.589489143905301383e+00
8.700000000000000000e+01, -7.688350010478227858e+00
8.800000000000000000e+01, -7.758196970174394913e+00
8.900000000000000000e+01, -7.843098542615071445e+00
9.000000000000000000e+01, -7.925322366899087534e+00
9.100000000000000000e+01, -8.004739646674899234e+00
9.200000000000000000e+01, -8.085586074595017436e+00
9.300000000000000000e+01, -8.175098108950507481e+00
9.400000000000000000e+01, -8.248846198831195409e+00
9.500000000000000000e+01, -8.330223268534375336e+00
9.600000000000000000e+01, -8.412644438689760307e+00
9.700000000000000000e+01, -8.487242155287873402e+00
9.800000000000000000e+01, -8.560451200312472864e+00
9.900000000000000000e+01, -8.654039272328370558e+00
1.000000000000000000e+02, -8.732335580046497014e+00
1.010000000000000000e+02, -8.810353544079740473e+00
1.020000000000000000e+02, -8.890699116889575038e+00
1.030000000000000000e+02, -8.964891339839219597e+00
1.040000000000000000e+02, -9.044206961368679742e+00
1.050000000000000000e+02, -9.131863133148781841e+00
1.060000000000000000e+02, -9.199563178453356471e+00
1.070000000000000000e+02, -9.280282515067666438e+00
1.080000000000000000e+02, -9.357042320618946363e+00
1.090000000000000000e+02, -9.444237978858362581e+00
1.100000000000000000e+02, -9.508446092717823817e+00
1.110000000000000000e+02, -9.596981182687770229e+00
1.120000000000000000e+02, -9.677151260493921825e+00
1.130000000000000000e+02, -9.749220500885352081e+00
1.140000000000000000e+02, -9.826451151579927767e+00
1.150000000000000000e+02, -9.903876258999575910e+00
1.160000000000000000e+02, -9.985970848164917868e+00
1.170000000000000000e+02, -1.006576799105581799e+01
1.180000000000000000e+02, -1.011937971008643800e+01
1.190000000000000000e+02, -1.022162919950867987e+01
1.200000000000000000e+02, -1.028532453905846111e+01
1.210000000000000000e+02, -1.037267703133358765e+01
1.220000000000000000e+02, -1.044405620490091735e+01
1.230000000000000000e+02, -1.051492844280659611e+01
1.240000000000000000e+02, -1.059246742033627520e+01
1.250000000000000000e+02, -1.066491621578200899e+01
1.260000000000000000e+02, -1.075282285773456614e+01
1.270000000000000000e+02, -1.081930296685407278e+01
1.280000000000000000e+02, -1.089447848863887280e+01
1.290000000000000000e+02, -1.097307555530059986e+01
1.300000000000000000e+02, -1.104797398108267004e+01
1.310000000000000000e+02, -1.111836114932870245e+01
1.320000000000000000e+02, -1.119693961110109015e+01
1.330000000000000000e+02, -1.127210314842852945e+01
1.340000000000000000e+02, -1.135246896899251823e+01
1.350000000000000000e+02, -1.141536176584886597e+01
1.360000000000000000e+02, -1.148939641140298384e+01
1.370000000000000000e+02, -1.156951423607136320e+01
1.380000000000000000e+02, -1.164828763180244309e+01
1.390000000000000000e+02, -1.171642262835799464e+01
1.400000000000000000e+02, -1.179278989486659057e+01
1.410000000000000000e+02, -1.185922231761816015e+01
1.420000000000000000e+02, -1.193890255568557990e+01
1.430000000000000000e+02, -1.201168822029832839e+01
1.440000000000000000e+02, -1.208126957182918559e+01
1.450000000000000000e+02, -1.215652512118628792e+01
1.460000000000000000e+02, -1.222532735025187378e+01
1.470000000000000000e+02, -1.230338296434136325e+01
1.480000000000000000e+02, -1.236769862594994329e+01
1.490000000000000000e+02, -1.244719595941987933e+01
1.500000000000000000e+02, -1.252000030278898102e+01
1.510000000000000000e+02, -1.259699949773196259e+01
1.520000000000000000e+02, -1.265353345801005780e+01
1.530000000000000000e+02, -1.273008689525547688e+01
1.540000000000000000e+02, -1.281183565294695370e+01
1.550000000000000000e+02, -1.286928464030780184e+01
1.560000000000000000e+02, -1.294895836571935810e+01
1.570000000000000000e+02, -1.301533172566034757e+01
1.580000000000000000e+02, -1.308856563649481508e+01
1.590000000000000000e+02, -1.315751526286524253e+01
1.600000000000000000e+02, -1.323081137764907211e+01
1.610000000000000000e+02, -1.329279759778589387e+01
1.620000000000000000e+02, -1.337427605540675479e+01
1.630000000000000000e+02, -1.343495909345362627e+01
1.640000000000000000e+02, -1.350399442907902881e+01
1.650000000000000000e+02, -1.357401986194166810e+01
1.660000000000000000e+02, -1.364676521677728260e+01
1.670000000000000000e+02, -1.370912109892931952e+01
1.680000000000000000e+02, -1.378379051363433305e+01
1.690000000000000000e+02, -1.384274090155623504e+01
1.700000000000000000e+02, -1.391587662780213108e+01
1.710000000000000000e+02, -1.398061120352767794e+01
1.720000000000000000e+02, -1.404567722902732463e+01
1.730000000000000000e+02, -1.412417597129104863e+01
1.740000000000000000e+02, -1.417625709997414063e+01
1.750000000000000000e+02, -1.424386040269508769e+01
1.760000000000000000e+02, -1.430694823797838033e+01
1.770000000000000000e+02, -1.437707191710872578e+01
1.780000000000000000e+02, -1.443928438509154155e+01
1.790000000000000000e+02, -1.449697851719554365e+01
1.800000000000000000e+02, -1.456390252402961671e+01
1.810000000000000000e+02, -1.461944347649315290e+01
1.820000000000000000e+02, -1.468273149151814216e+01
1.830000000000000000e+02, -1.474396777527774205e+01
1.840000000000000000e+02, -1.479683725574106568e+01
1.850000000000000000e+02, -1.485711301232803550e+01
1.860000000000000000e+02, -1.491053699074299210e+01
1.870000000000000000e+02, -1.495838908936517875e+01
1.880000000000000000e+02, -1.501874710595105356e+01
1.890000000000000000e+02, -1.507056411996862444e+01
1.900000000000000000e+02, -1.511263695481431313e+01
1.910000000000000000e+02, -1.515818844258021514e+01
