1.000000000000000000e+00, 1.617659489947812945e+00
2.000000000000000000e+00, 1.922569443028270042e+00
3.000000000000000000e+00, 1.403444729614433228e+00
4.000000000000000000e+00, 6.355862584814031546e-01
5.000000000000000000e+00, 2.984942690255226738e-01
6.000000000000000000e+00, -1.644087947894155577e-01
7.000000000000000000e+00, -7.990065605370388901e-01
8.000000000000000000e+00, -1.178116083986887386e+00
9.000000000000000000e+00, -1.549652263308225031e+00
1.000000000000000000e+01, -1.973360169275179432e+00
1.100000000000000000e+01, -2.524245857637242185e+00
1.200000000000000000e+01, -2.930702668137731504e+00
1.300000000000000000e+01, -3.184853121438212753e+00
1.400000000000000000e+01, -3.564620648208132625e+00
1.500000000000000000e+01, -4.006975469032387771e+00
1.600000000000000000e+01, -4.337948467478496717e+00
1.700000000000000000e+01, -4.655242437603289041e+00
1.800000000000000000e+01, -4.985872179713279451e+00
1.900000000000000000e+01, -5.371471578328788965e+00
2.000000000000000000e+01, -5.624126298469368734e+00
2.100000000000000000e+01, -6.014298728017370088e+00
2.200000000000000000e+01, -6.253817654280552141e+00
2.300000000000000000e+01, -6.614639597619650146e+00
2.400000000000000000e+01, -6.930862660993553526e+00
2.500000000000000000e+01, -7.232134124680836607e+00
2.600000000000000000e+01, -7.538936276179226681e+00
2.700000000000000000e+01, -7.836116217855317423e+00
2.800000000000000000e+01, -8.121572927849639356e+00
2.900000000000000000e+01, -8.410198463293031779e+00
3.000000000000000000e+01, -8.685975956301243528e+00
3.100000000000000000e+01, -9.012814733306578674e+00
3.200000000000000000e+01, -9.295878386592828946e+00
3.300000000000000000e+01, -9.586280848021896617e+00
3.400000000000000000e+01, -9.859973912002194751e+00
3.500000000000000000e+01, -1.013758790762840256e+01
3.600000000000000000e+01, -1.041235284158570806e+01
3.700000000000000000e+01, -1.069885021450104645e+01
3.800000000000000000e+01, -1.097409412464542022e+01
3.900000000000000000e+01, -1.128221820216857374e+01
4.000000000000000000e+01, -1.151664927358059920e+01
4.100000000000000000e+01, -1.181043474713580821e+01
4.200000000000000000e+01, -1.205810697066290871e+01
4.300000000000000000e+01, -1.237641776271918914e+01
4.400000000000000000e+01, -1.261807102707243189e+01
4.500000000000000000e+01, -1.290713636293133781e+01
4.600000000000000000e+01, -1.317686358357747167e+01
4.700000000000000000e+01, -1.344255359706949804e+01
4.800000000000000000e+01, -1.372708346635986487e+01
4.900000000000000000e+01, -1.396138979807370895e+01
5.000000000000000000e+01, -1.424879087286495150e+01
5.100000000000000000e+01, -1.452122621188831708e+01
5.200000000000000000e+01, -1.478292457879828881e+01
5.300000000000000000e+01, -1.504227053410762771e+01
5.400000000000000000e+01, -1.532512670553865775e+01
5.500000000000000000e+01, -1.558426877020442269e+01
5.600000000000000000e+01, -1.584796653375772024e+01
5.700000000000000000e+01, -1.608745520360791303e+01
5.800000000000000000e+01, -1.636800976524406082e+01
5.900000000000000000e+01, -1.662608013173078092e+01
6.000000000000000000e+01, -1.689757292717822779e+01
6.100000000000000000e+01, -1.715658008649423394e+01
6.200000000000000000e+01, -1.740903618748914283e+01
6.300000000000000000e+01, -1.767556577573916599e+01
6.400000000000000000e+01, -1.793060949771958335e+01
6.500000000000000000e+01, -1.819446398398952169e+01
6.600000000000000000e+01, -1.847054017764914491e+01
6.700000000000000000e+01, -1.871267947282964883e+01
6.800000000000000000e+01, -1.897865702135761978e+01
6.900000000000000000e+01, -1.922991279352783067e+01
7.000000000000000000e+01, -1.947751003278209581e+01
7.100000000000000000e+01, -1.976525430291288998e+01
7.200000000000000000e+01, -1.998833721586483136e+01
7.300000000000000000e+01, -2.027455176371029921e+01
7.400000000000000000e+01, -2.051167221374857164e+01
7.500000000000000000e+01, -2.076884345240597440e+01
7.600000000000000000e+01, -2.104416963818605169e+01
7.700000000000000000e+01, -2.127914845773854324e+01
7.800000000000000000e+01, -2.154909160843075355e+01
7.900000000000000000e+01, -2.178356628627896541e+01
8.000000000000000000e+01, -2.206117769113198079e+01
8.100000000000000000e+01, -2.230296848354367256e+01
8.200000000000000000e+01, -2.256085184750102712e+01
8.300000000000000000e+01, -2.281707964449076442e+01
8.400000000000000000e+01, -2.305752139194357397e+01
8.500000000000000000e+01, -2.333436230530885069e+01
8.600000000000000000e+01, -2.356150859718285062e+01
8.700000000000000000e+01, -2.383104839775344175e+01
8.800000000000000000e+01, -2.407014744637065462e+01
8.900000000000000000e+01, -2.432556471819501098e+01
9.000000000000000000e+01, -2.457680022139043885e+01
9.100000000000000000e+01, -2.482555598324496771e+01
9.200000000000000000e+01, -2.507504000339472583e+01
9.300000000000000000e+01, -2.533295659939220457e+01
9.400000000000000000e+01, -2.557383798926833762e+01
9.500000000000000000e+01, -2.582243143065106494e+01
9.600000000000000000e+01, -2.607129431243324191e+01
9.700000000000000000e+01, -2.631131033489269555e+01
9.800000000000000000e+01, -2.655106395728979507e+01
9.900000000000000000e+01, -2.680898853953142691e+01
1.000000000000000000e+02, -2.704990778728710055e+01
1.010000000000000000e+02, -2.728975778950956155e+01
1.020000000000000000e+02, -2.753051175342597290e+01
1.030000000000000000e+02, -2.776398644942181093e+01
1.040000000000000000e+02, -2.800033001553072864e+01
1.050000000000000000e+02, -2.824398089255817723e+01
1.060000000000000000e+02, -2.846443262566306487e+01
1.070000000000000000e+02, -2.869678416853533776e+01
1.080000000000000000e+02, -2.892178650212444779e+01
1.090000000000000000e+02, -2.915493927312948585e+01
1.100000000000000000e+02, -2.936185923322616276e+01
1.110000000000000000e+02, -2.958967680831753455e+01
1.120000000000000000e+02, -2.980401171384152192e+01
1.130000000000000000e+02, -3.000716264832599123e+01
1.140000000000000000e+02, -3.021118107828692700e+01
1.150000000000000000e+02, -3.041050169944368164e+01
1.160000000000000000e+02, -3.061016482938913796e+01
1.170000000000000000e+02, -3.080233965117081851e+01
1.180000000000000000e+02, -3.096204331886728767e+01
1.190000000000000000e+02, -3.116681284101557736e+01
1.200000000000000000e+02, -3.132623455190758222e+01
1.210000000000000000e+02, -3.150441174254225984e+01
1.220000000000000000e+02, -3.166031940376014475e+01
1.230000000000000000e+02, -3.181054398300178221e+01
1.240000000000000000e+02, -3.196268304957100881e+01
1.250000000000000000e+02, -3.210382693048455138e+01
1.260000000000000000e+02, -3.225500445703263352e+01
1.270000000000000000e+02, -3.237951828078544025e+01
1.280000000000000000e+02, -3.250838477432671425e+01
1.290000000000000000e+02, -3.263647585142869190e+01
1.300000000000000000e+02, -3.275437153480406494e+01
1.310000000000000000e+02, -3.286552686336337814e+01
1.320000000000000000e+02, -3.297996581111370062e+01
1.330000000000000000e+02, -3.308760686322443689e+01
1.340000000000000000e+02, -3.319580383911367960e+01
1.350000000000000000e+02, -3.328410430041569157e+01
1.360000000000000000e+02, -3.338015275464770326e+01
1.370000000000000000e+02, -3.347977487904250893e+01
1.380000000000000000e+02, -3.357424086409777431e+01
1.390000000000000000e+02, -3.365607244336035819e+01
1.400000000000000000e+02, -3.374433424210625532e+01
1.410000000000000000e+02, -3.381974931506699988e+01
1.420000000000000000e+02, -3.390611492582929998e+01
1.430000000000000000e+02, -3.398389343693534670e+01
1.440000000000000000e+02, -3.405746275883482355e+01
1.450000000000000000e+02, -3.413411630404782926e+01
1.460000000000000000e+02, -3.420268174076148426e+01
1.470000000000000000e+02, -3.427933801573583139e+01
1.480000000000000000e+02, -3.434171563129246607e+01
1.490000000000000000e+02, -3.441681648718236630e+01
1.500000000000000000e+02, -3.448423912178518691e+01
1.510000000000000000e+02, -3.455491169931290329e+01
1.520000000000000000e+02, -3.460474764186731989e+01
1.530000000000000000e+02, -3.467238149089360633e+01
1.540000000000000000e+02, -3.474529791629527153e+01
1.550000000000000000e+02, -3.479206503156556352e+01
1.560000000000000000e+02, -3.486151126624329066e+01
1.570000000000000000e+02, -3.491636544175921131e+01
1.580000000000000000e+02, -3.497629732675947878e+01
1.590000000000000000e+02, -3.503334913131008221e+01
1.600000000000000000e+02, -3.509211311545960399e+01
1.610000000000000000e+02, -3.514047889948585635e+01
1.620000000000000000e+02, -3.520645971300753274e+01
1.630000000000000000e+02, -3.525238507675608446e+01
1.640000000000000000e+02, -3.530544605633672717e+01
1.650000000000000000e+02, -3.535871296809504827e+01
1.660000000000000000e+02, -3.541497672721587975e+01
1.670000000000000000e+02, -3.545959268471079895e+01
1.680000000000000000e+02, -3.551690256750736552e+01
1.690000000000000000e+02, -3.555797310497170116e+01
1.700000000000000000e+02, -3.561232966976462677e+01
1.710000000000000000e+02, -3.565879519984846979e+01
1.720000000000000000e+02, -3.570418702006129053e+01
1.730000000000000000e+02, -3.576377976792857538e+01
1.740000000000000000e+02, -3.579581380446889938e+01
1.750000000000000000e+02, -3.584464214884911115e+01
1.760000000000000000e+02, -3.588728758328053914e+01
1.770000000000000000e+02, -3.593721925319619004e+01
1.780000000000000000e+02, -3.598000202313259877e+01
1.790000000000000000e+02, -3.601672358909495131e+01
1.800000000000000000e+02, -3.606403000237142464e+01
1.810000000000000000e+02, -3.609974765990774159e+01
1.820000000000000000e+02, -3.614245462146327981e+01
1.830000000000000000e+02, -3.618407746620943044e+01
1.840000000000000000e+02, -3.621699139443177984e+01
1.850000000000000000e+02, -3.625844186791351120e+01
1.860000000000000000e+02, -3.629221658116954075e+01
1.870000000000000000e+02, -3.632203791545411775e+01
1.880000000000000000e+02, -3.636327831120205900e+01
1.890000000000000000e+02, -3.639827834563244124e+01
1.900000000000000000e+02, -3.642290910028654594e+01
1.910000000000000000e+02, -3.645192733436214638e+01
