1.000000000000000000e+00, 1.930270015457600685e+00
2.000000000000000000e+00, 2.257429937544843224e+00
3.000000000000000000e+00, 1.626606525600598374e+00
4.000000000000000000e+00, 9.706082827323792017e-01
5.000000000000000000e+00, 7.948153302409977083e-01
6.000000000000000000e+00, 4.932782633314952148e-01
7.000000000000000000e+00, 2.630364729358136353e-02
8.000000000000000000e+00, -2.005415341308719179e-01
9.000000000000000000e+00, -4.278939027099513126e-01
1.000000000000000000e+01, -7.000654767146802238e-01
1.100000000000000000e+01, -1.120424861997309174e+00
1.200000000000000000e+01, -1.412659119472625902e+00
1.300000000000000000e+01, -1.548239155999075578e+00
1.400000000000000000e+01, -1.809285549631769907e+00
1.500000000000000000e+01, -2.137325942955282887e+00
1.600000000000000000e+01, -2.362991469645829401e+00
1.700000000000000000e+01, -2.572332724001630044e+00
1.800000000000000000e+01, -2.798182634154116499e+00
1.900000000000000000e+01, -3.079141588334856294e+00
2.000000000000000000e+01, -3.231035665351029262e+00
2.100000000000000000e+01, -3.518471455018865157e+00
2.200000000000000000e+01, -3.656636410029000750e+00
2.300000000000000000e+01, -3.914927360408367196e+00
2.400000000000000000e+01, -4.131116201932676368e+00
2.500000000000000000e+01, -4.333303171890936945e+00
2.600000000000000000e+01, -4.540730664282088824e+00
2.700000000000000000e+01, -4.739963525361751806e+00
2.800000000000000000e+01, -4.926211338201038181e+00
2.900000000000000000e+01, -5.115240895381710118e+00
3.000000000000000000e+01, -5.290626613459185279e+00
3.100000000000000000e+01, -5.516055470414299222e+00
3.200000000000000000e+01, -5.701454392328042964e+00
3.300000000000000000e+01, -5.891993020198890818e+00
3.400000000000000000e+01, -6.067117734857411016e+00
3.500000000000000000e+01, -6.244257216975642955e+00
3.600000000000000000e+01, -6.418255330969111938e+00
3.700000000000000000e+01, -6.603422676838289540e+00
3.800000000000000000e+01, -6.777549619493424160e+00
3.900000000000000000e+01, -6.985527669826463892e+00
4.000000000000000000e+01, -7.119591738590041352e+00
4.100000000000000000e+01, -7.310279011223743240e+00
4.200000000000000000e+01, -7.455465905271980276e+00
4.300000000000000000e+01, -7.671160577519535728e+00
4.400000000000000000e+01, -7.811185250085681098e+00
4.500000000000000000e+01, -7.997015364765855061e+00
4.600000000000000000e+01, -8.164675486140163585e+00
4.700000000000000000e+01, -8.328104995291848667e+00
4.800000000000000000e+01, -8.510844302168763420e+00
4.900000000000000000e+01, -8.642312068513845702e+00
5.000000000000000000e+01, -8.825045006499474098e+00
5.100000000000000000e+01, -8.995243694065669260e+00
5.200000000000000000e+01, -9.153572015053569544e+00
5.300000000000000000e+01, -9.309599248501349678e+00
5.400000000000000000e+01, -9.489239217609730659e+00
5.500000000000000000e+01, -9.646222497980676991e+00
5.600000000000000000e+01, -9.807151738484016334e+00
5.700000000000000000e+01, -9.942948475128682517e+00
5.800000000000000000e+01, -1.011933796442750655e+01
5.900000000000000000e+01, -1.027380884931739580e+01
6.000000000000000000e+01, -1.044147479461508254e+01
6.100000000000000000e+01, -1.059731245037559333e+01
6.200000000000000000e+01, -1.074596214623346668e+01
6.300000000000000000e+01, -1.090873982265036624e+01
6.400000000000000000e+01, -1.105956128268740102e+01
6.500000000000000000e+01, -1.121859027355611182e+01
6.600000000000000000e+01, -1.139184315371316636e+01
6.700000000000000000e+01, -1.153062864168841628e+01
6.800000000000000000e+01, -1.169291899114164579e+01
6.900000000000000000e+01, -1.184040050149194201e+01
7.000000000000000000e+01, -1.198387003743496138e+01
7.100000000000000000e+01, -1.216766535639860614e+01
7.200000000000000000e+01, -1.228703884088806575e+01
7.300000000000000000e+01, -1.246930223771911450e+01
7.400000000000000000e+01, -1.260287411942289992e+01
7.500000000000000000e+01, -1.275548878364852712e+01
7.600000000000000000e+01, -1.292699688618449372e+01
7.700000000000000000e+01, -1.305846915767250316e+01
7.800000000000000000e+01, -1.322454618682573013e+01
7.900000000000000000e+01, -1.335503296865521961e+01
8.000000000000000000e+01, -1.352827280447336022e+01
8.100000000000000000e+01, -1.366686389132370216e+01
8.200000000000000000e+01, -1.382098049540148033e+01
8.300000000000000000e+01, -1.397369942369799745e+01
8.400000000000000000e+01, -1.411036916406806974e+01
8.500000000000000000e+01, -1.428392057080442434e+01
8.600000000000000000e+01, -1.440808925651467831e+01
8.700000000000000000e+01, -1.457396035954983482e+01
8.800000000000000000e+01, -1.471041297661467873e+01
8.900000000000000000e+01, -1.486219902439080087e+01
9.000000000000000000e+01, -1.501108003132774549e+01
9.100000000000000000e+01, -1.515690280658902545e+01
9.200000000000000000e+01, -1.530418743685170924e+01
9.300000000000000000e+01, -1.546011505612333536e+01
9.400000000000000000e+01, -1.559984736817237128e+01
9.500000000000000000e+01, -1.574743431508541391e+01
9.600000000000000000e+01, -1.589580322493656439e+01
9.700000000000000000e+01, -1.603622865699435351e+01
9.800000000000000000e+01, -1.617578305533579552e+01
9.900000000000000000e+01, -1.633542282713266403e+01
1.000000000000000000e+02, -1.647902607014358267e+01
1.010000000000000000e+02, -1.662262871280618626e+01
1.020000000000000000e+02, -1.676828974466678801e+01
1.030000000000000000e+02, -1.690773633528517195e+01
1.040000000000000000e+02, -1.705239676071872523e+01
1.050000000000000000e+02, -1.720521366041658951e+01
1.060000000000000000e+02, -1.733760425879853884e+01
1.070000000000000000e+02, -1.748349767159714219e+01
1.080000000000000000e+02, -1.762473064476509066e+01
1.090000000000000000e+02, -1.777694367305094048e+01
1.100000000000000000e+02, -1.790547544055207396e+01
1.110000000000000000e+02, -1.805858402563503518e+01
1.120000000000000000e+02, -1.820262193840907372e+01
1.130000000000000000e+02, -1.833852889642275485e+01
1.140000000000000000e+02, -1.847966619940147481e+01
1.150000000000000000e+02, -1.862069846202536638e+01
1.160000000000000000e+02, -1.876640706079786725e+01
1.170000000000000000e+02, -1.890936207999429897e+01
1.180000000000000000e+02, -1.902608454509998737e+01
1.190000000000000000e+02, -1.919145220662456097e+01
1.200000000000000000e+02, -1.931779075531325773e+01
1.210000000000000000e+02, -1.946768987521062755e+01
1.220000000000000000e+02, -1.960094435052256756e+01
1.230000000000000000e+02, -1.973388499012535391e+01
1.240000000000000000e+02, -1.987334623010796619e+01
1.250000000000000000e+02, -2.000766127069197964e+01
1.260000000000000000e+02, -2.015681098086875878e+01
1.270000000000000000e+02, -2.028395106159691608e+01
1.280000000000000000e+02, -2.042022086649038215e+01
1.290000000000000000e+02, -2.055947146492765398e+01
1.300000000000000000e+02, -2.069422446158164419e+01
1.310000000000000000e+02, -2.082473156641076528e+01
1.320000000000000000e+02, -2.096297972395478837e+01
1.330000000000000000e+02, -2.109761136288399541e+01
1.340000000000000000e+02, -2.123636856562029962e+01
1.350000000000000000e+02, -2.135777113009109485e+01
1.360000000000000000e+02, -2.149031089924934790e+01
1.370000000000000000e+02, -2.162859327691471378e+01
1.380000000000000000e+02, -2.176440498668564416e+01
1.390000000000000000e+02, -2.188930220657508130e+01
1.400000000000000000e+02, -2.202241886813228433e+01
1.410000000000000000e+02, -2.214494864451084410e+01
1.420000000000000000e+02, -2.228019642640059672e+01
1.430000000000000000e+02, -2.240812244184508017e+01
1.440000000000000000e+02, -2.253269907806379280e+01
1.450000000000000000e+02, -2.266215386908534768e+01
1.460000000000000000e+02, -2.278452287730069514e+01
1.470000000000000000e+02, -2.291550287080328729e+01
1.480000000000000000e+02, -2.303317593908768401e+01
1.490000000000000000e+02, -2.316444539665599223e+01
1.500000000000000000e+02, -2.328860256544468754e+01
1.510000000000000000e+02, -2.341597799688054593e+01
1.520000000000000000e+02, -2.352290291175413017e+01
1.530000000000000000e+02, -2.364921571668405775e+01
1.540000000000000000e+02, -2.377958262584632010e+01
1.550000000000000000e+02, -2.388501727540013064e+01
1.560000000000000000e+02, -2.401266592497317731e+01
1.570000000000000000e+02, -2.412575611044385937e+01
1.580000000000000000e+02, -2.424452375356617750e+01
1.590000000000000000e+02, -2.435910732322260586e+01
1.600000000000000000e+02, -2.447681528689749442e+01
1.610000000000000000e+02, -2.458264827719017376e+01
1.620000000000000000e+02, -2.470689699892170310e+01
1.630000000000000000e+02, -2.480973242680349244e+01
1.640000000000000000e+02, -2.492006608155381997e+01
1.650000000000000000e+02, -2.503093875610133523e+01
1.660000000000000000e+02, -2.514316983529151628e+01
1.670000000000000000e+02, -2.524438933102356941e+01
1.680000000000000000e+02, -2.535723282071170814e+01
1.690000000000000000e+02, -2.545334874527053515e+01
1.700000000000000000e+02, -2.556305080757795523e+01
1.710000000000000000e+02, -2.566319374686167620e+01
1.720000000000000000e+02, -2.576313350900780819e+01
1.730000000000000000e+02, -2.587556151782068170e+01
1.740000000000000000e+02, -2.596053251943765616e+01
1.750000000000000000e+02, -2.606060829974464355e+01
1.760000000000000000e+02, -2.615541108305839302e+01
1.770000000000000000e+02, -2.625595453045422545e+01
1.780000000000000000e+02, -2.634835898969046397e+01
1.790000000000000000e+02, -2.643494823462562593e+01
1.800000000000000000e+02, -2.653046296627566747e+01
1.810000000000000000e+02, -2.661375542253994197e+01
1.820000000000000000e+02, -2.670386393795123325e+01
1.830000000000000000e+02, -2.679129152358382981e+01
1.840000000000000000e+02, -2.686930185359091894e+01
1.850000000000000000e+02, -2.695443688045056518e+01
1.860000000000000000e+02, -2.703128548584980351e+01
1.870000000000000000e+02, -2.710211001563062183e+01
1.880000000000000000e+02, -2.718396122297320261e+01
1.890000000000000000e+02, -2.725666300080743554e+01
1.900000000000000000e+02, -2.731810975338737535e+01
1.910000000000000000e+02, -2.738160471994578415e+01
