1.000000000000000000e+00, 1.940223571116672430e+00
2.000000000000000000e+00, 2.149152948626596782e+00
3.000000000000000000e+00, 1.596493044814116580e+00
4.000000000000000000e+00, 9.271687135646928812e-01
5.000000000000000000e+00, 7.292421671480427969e-01
6.000000000000000000e+00, 4.020321310035127604e-01
7.000000000000000000e+00, -8.698806480150091114e-02
8.000000000000000000e+00, -3.420893642646458122e-01
9.000000000000000000e+00, -5.936394169155332357e-01
1.000000000000000000e+01, -8.913324679525864713e-01
1.100000000000000000e+01, -1.329187857208376178e+00
1.200000000000000000e+01, -1.641252604336757903e+00
1.300000000000000000e+01, -1.796973390296051853e+00
1.400000000000000000e+01, -2.076637996559310917e+00
1.500000000000000000e+01, -2.422774588210709901e+00
1.600000000000000000e+01, -2.665012162751384306e+00
1.700000000000000000e+01, -2.891453115392515372e+00
1.800000000000000000e+01, -3.134134795710288302e+00
1.900000000000000000e+01, -3.430814444980328837e+00
2.000000000000000000e+01, -3.598039499783667328e+00
2.100000000000000000e+01, -3.900473671400906728e+00
2.200000000000000000e+01, -4.053639841040007852e+00
2.300000000000000000e+01, -4.327241446353241372e+00
2.400000000000000000e+01, -4.557990107741765051e+00
2.500000000000000000e+01, -4.773960209799349208e+00
2.600000000000000000e+01, -4.995743593299255103e+00
2.700000000000000000e+01, -5.208959593984518577e+00
2.800000000000000000e+01, -5.409144254668047047e+00
2.900000000000000000e+01, -5.612328937692017128e+00
3.000000000000000000e+01, -5.801116206902328543e+00
3.100000000000000000e+01, -6.041286799016154063e+00
3.200000000000000000e+01, -6.239794853598116475e+00
3.300000000000000000e+01, -6.444055776165865446e+00
3.400000000000000000e+01, -6.633023119343208762e+00
3.500000000000000000e+01, -6.823517603452500246e+00
3.600000000000000000e+01, -7.011522806114223627e+00
3.700000000000000000e+01, -7.210646396743755737e+00
3.800000000000000000e+01, -7.398163376455983986e+00
3.900000000000000000e+01, -7.619503459964612979e+00
4.000000000000000000e+01, -7.766988440652199621e+00
4.100000000000000000e+01, -7.971924415999169788e+00
4.200000000000000000e+01, -8.131034335024249771e+00
4.300000000000000000e+01, -8.360375197305510042e+00
4.400000000000000000e+01, -8.514384202742011354e+00
4.500000000000000000e+01, -8.714001061802630232e+00
4.600000000000000000e+01, -8.895336029160608504e+00
4.700000000000000000e+01, -9.072539708295611405e+00
4.800000000000000000e+01, -9.268482202907282641e+00
4.900000000000000000e+01, -9.413977077338403276e+00
5.000000000000000000e+01, -9.611083761835333306e+00
5.100000000000000000e+01, -9.794935384449244609e+00
5.200000000000000000e+01, -9.967333144845449411e+00
5.300000000000000000e+01, -1.013700286064591793e+01
5.400000000000000000e+01, -1.033053254735647997e+01
5.500000000000000000e+01, -1.050127156374404613e+01
5.600000000000000000e+01, -1.067570940338485919e+01
5.700000000000000000e+01, -1.082566524102591821e+01
5.800000000000000000e+01, -1.101591514205765066e+01
5.900000000000000000e+01, -1.118435319880328116e+01
6.000000000000000000e+01, -1.136587951096482740e+01
6.100000000000000000e+01, -1.153549899757934405e+01
6.200000000000000000e+01, -1.169808779905508622e+01
6.300000000000000000e+01, -1.187448625279232139e+01
6.400000000000000000e+01, -1.203935194763696792e+01
6.500000000000000000e+01, -1.221251395161230668e+01
6.600000000000000000e+01, -1.239931689532309456e+01
6.700000000000000000e+01, -1.255173917108687220e+01
6.800000000000000000e+01, -1.272806973616451742e+01
6.900000000000000000e+01, -1.288924136643190188e+01
7.000000000000000000e+01, -1.304652136703537302e+01
7.100000000000000000e+01, -1.324413407934561882e+01
7.200000000000000000e+01, -1.337719603403542479e+01
7.300000000000000000e+01, -1.357326275776041946e+01
7.400000000000000000e+01, -1.372047956104533029e+01
7.500000000000000000e+01, -1.388672779456691764e+01
7.600000000000000000e+01, -1.407198383217999016e+01
7.700000000000000000e+01, -1.421715953600912563e+01
7.800000000000000000e+01, -1.439687186383461714e+01
7.900000000000000000e+01, -1.454103795656478937e+01
8.000000000000000000e+01, -1.472787885642395267e+01
8.100000000000000000e+01, -1.488003210256712094e+01
8.200000000000000000e+01, -1.504753209980255058e+01
8.300000000000000000e+01, -1.521370977077973841e+01
8.400000000000000000e+01, -1.536387358189401020e+01
8.500000000000000000e+01, -1.555085112369681610e+01
8.600000000000000000e+01, -1.568828527990157973e+01
8.700000000000000000e+01, -1.586765986656184779e+01
8.800000000000000000e+01, -1.601736149456330693e+01
8.900000000000000000e+01, -1.618251859882915511e+01
9.000000000000000000e+01, -1.634466132852449149e+01
9.100000000000000000e+01, -1.650380477280955915e+01
9.200000000000000000e+01, -1.666429623794973480e+01
9.300000000000000000e+01, -1.683329848783132832e+01
9.400000000000000000e+01, -1.698625246785395859e+01
9.500000000000000000e+01, -1.714681646192117270e+01
9.600000000000000000e+01, -1.730833020544245215e+01
9.700000000000000000e+01, -1.746178297635067622e+01
9.800000000000000000e+01, -1.761441137611042507e+01
9.900000000000000000e+01, -1.778695194956558367e+01
1.000000000000000000e+02, -1.794361742728112930e+01
1.010000000000000000e+02, -1.809995985924057038e+01
1.020000000000000000e+02, -1.825844515858518946e+01
1.030000000000000000e+02, -1.841083153101375558e+01
1.040000000000000000e+02, -1.856820782240786727e+01
1.050000000000000000e+02, -1.873373981653294251e+01
1.060000000000000000e+02, -1.887876931061957819e+01
1.070000000000000000e+02, -1.903742598743283665e+01
1.080000000000000000e+02, -1.919138866380199815e+01
1.090000000000000000e+02, -1.935595136184219101e+01
1.100000000000000000e+02, -1.949712341164645224e+01
1.110000000000000000e+02, -1.966283323984998077e+01
1.120000000000000000e+02, -1.981923339085251712e+01
1.130000000000000000e+02, -1.996746874005058814e+01
1.140000000000000000e+02, -2.012087078212280034e+01
1.150000000000000000e+02, -2.027426389651587613e+01
1.160000000000000000e+02, -2.043198530880700403e+01
1.170000000000000000e+02, -2.058695313521368675e+01
1.180000000000000000e+02, -2.071587386644518247e+01
1.190000000000000000e+02, -2.089337536714591792e+01
1.200000000000000000e+02, -2.103153481732690011e+01
1.210000000000000000e+02, -2.119315544118207129e+01
1.220000000000000000e+02, -2.133818995285955467e+01
1.230000000000000000e+02, -2.148280966658488467e+01
1.240000000000000000e+02, -2.163394893995370083e+01
1.250000000000000000e+02, -2.177956678886705433e+01
1.260000000000000000e+02, -2.194021495268878397e+01
1.270000000000000000e+02, -2.207859982426493417e+01
1.280000000000000000e+02, -2.222590782358285111e+01
1.290000000000000000e+02, -2.237629893369307510e+01
1.300000000000000000e+02, -2.252187392209653538e+01
1.310000000000000000e+02, -2.266317627797412726e+01
1.320000000000000000e+02, -2.281199150556662758e+01
1.330000000000000000e+02, -2.295689955934109605e+01
1.340000000000000000e+02, -2.310603235226340146e+01
1.350000000000000000e+02, -2.323758589529876417e+01
1.360000000000000000e+02, -2.337993253645131730e+01
1.370000000000000000e+02, -2.352789161109854987e+01
1.380000000000000000e+02, -2.367309791458457013e+01
1.390000000000000000e+02, -2.380741727362919846e+01
1.400000000000000000e+02, -2.394932259186010270e+01
1.410000000000000000e+02, -2.408063203573959044e+01
1.420000000000000000e+02, -2.422435743115842754e+01
1.430000000000000000e+02, -2.436033933421045106e+01
1.440000000000000000e+02, -2.449281548431616429e+01
1.450000000000000000e+02, -2.462977388330290651e+01
1.460000000000000000e+02, -2.475941456142577834e+01
1.470000000000000000e+02, -2.489735953520500900e+01
1.480000000000000000e+02, -2.502144735575712886e+01
1.490000000000000000e+02, -2.515878931758070536e+01
1.500000000000000000e+02, -2.528883635484814363e+01
1.510000000000000000e+02, -2.542163654450209620e+01
1.520000000000000000e+02, -2.553330161917559238e+01
1.530000000000000000e+02, -2.566422026960233538e+01
1.540000000000000000e+02, -2.579870488674019668e+01
1.550000000000000000e+02, -2.590773919485714316e+01
1.560000000000000000e+02, -2.603850159191887670e+01
1.570000000000000000e+02, -2.615422748481952908e+01
1.580000000000000000e+02, -2.627527507666047057e+01
1.590000000000000000e+02, -2.639160875364989423e+01
1.600000000000000000e+02, -2.651051307211282904e+01
1.610000000000000000e+02, -2.661717702843543165e+01
1.620000000000000000e+02, -2.674158502166192264e+01
1.630000000000000000e+02, -2.684431089080489130e+01
1.640000000000000000e+02, -2.695384267019942826e+01
1.650000000000000000e+02, -2.706339040019964770e+01
1.660000000000000000e+02, -2.717394743290801173e+01
1.670000000000000000e+02, -2.727293859144099386e+01
1.680000000000000000e+02, -2.738319554617631013e+01
1.690000000000000000e+02, -2.747622143170207210e+01
1.700000000000000000e+02, -2.758228935848215713e+01
1.710000000000000000e+02, -2.767846027009394305e+01
1.720000000000000000e+02, -2.777388683420322479e+01
1.730000000000000000e+02, -2.788146866787013778e+01
1.740000000000000000e+02, -2.796118300408440760e+01
1.750000000000000000e+02, -2.805570891367795738e+01
1.760000000000000000e+02, -2.814426639048535250e+01
1.770000000000000000e+02, -2.823861096502231405e+01
1.780000000000000000e+02, -2.832448346106766479e+01
1.790000000000000000e+02, -2.840397712034132738e+01
1.800000000000000000e+02, -2.849233832084436102e+01
1.810000000000000000e+02, -2.856820066770931632e+01
1.820000000000000000e+02, -2.865053317994143711e+01
1.830000000000000000e+02, -2.873011058588834388e+01
1.840000000000000000e+02, -2.880002841175561556e+01
1.850000000000000000e+02, -2.887710954238736605e+01
1.860000000000000000e+02, -2.894559593314252055e+01
1.870000000000000000e+02, -2.900845494911517974e+01
1.880000000000000000e+02, -2.908202941878382575e+01
1.890000000000000000e+02, -2.914682411052324440e+01
1.900000000000000000e+02, -2.920038283751694763e+01
1.910000000000000000e+02, -2.925629563851850534e+01
