1.000000000000000000e+00, 2.371888891086878726e+00
2.000000000000000000e+00, 2.638070020875559418e+00
3.000000000000000000e+00, 1.910517159420568989e+00
4.000000000000000000e+00, 1.191458310216942929e+00
5.000000000000000000e+00, 1.025422842562059067e+00
6.000000000000000000e+00, 7.984803937391645734e-01
7.000000000000000000e+00, 4.113407730471819179e-01
8.000000000000000000e+00, 2.733185353905480119e-01
9.000000000000000000e+00, 1.414111486122309191e-01
1.000000000000000000e+01, -2.923554008305349894e-02
1.100000000000000000e+01, -3.509886703070939640e-01
1.200000000000000000e+01, -5.574836384244817866e-01
1.300000000000000000e+01, -6.088695818679239480e-01
1.400000000000000000e+01, -7.825227123437703547e-01
1.500000000000000000e+01, -1.028169243367028862e+00
1.600000000000000000e+01, -1.177541916316910964e+00
1.700000000000000000e+01, -1.310238284528102426e+00
1.800000000000000000e+01, -1.462591876116759559e+00
1.900000000000000000e+01, -1.672396187190321015e+00
2.000000000000000000e+01, -1.755033690540386715e+00
2.100000000000000000e+01, -1.972832499308577292e+00
2.200000000000000000e+01, -2.044919921047649414e+00
2.300000000000000000e+01, -2.236289740832160700e+00
2.400000000000000000e+01, -2.388649418109389355e+00
2.500000000000000000e+01, -2.528880966681632536e+00
2.600000000000000000e+01, -2.674700950145617817e+00
2.700000000000000000e+01, -2.814415438659957136e+00
2.800000000000000000e+01, -2.941862442277368039e+00
2.900000000000000000e+01, -3.071186434901231443e+00
3.000000000000000000e+01, -3.188063335263581433e+00
3.100000000000000000e+01, -3.355521955986826566e+00
3.200000000000000000e+01, -3.484519676050349624e+00
3.300000000000000000e+01, -3.619006220900292448e+00
3.400000000000000000e+01, -3.738830945973456554e+00
3.500000000000000000e+01, -3.860943875843946049e+00
3.600000000000000000e+01, -3.980309067160011871e+00
3.700000000000000000e+01, -4.110584789821823293e+00
3.800000000000000000e+01, -4.229870835964111286e+00
3.900000000000000000e+01, -4.384698252284754183e+00
4.000000000000000000e+01, -4.465249507369585480e+00
4.100000000000000000e+01, -4.602409755048735285e+00
4.200000000000000000e+01, -4.694150534099589045e+00
4.300000000000000000e+01, -4.856667043785626525e+00
4.400000000000000000e+01, -4.944496063743367031e+00
4.500000000000000000e+01, -5.077290476005560826e+00
4.600000000000000000e+01, -5.192499973141388558e+00
4.700000000000000000e+01, -5.304063708987846404e+00
4.800000000000000000e+01, -5.434447988893725601e+00
4.900000000000000000e+01, -5.513991798268048861e+00
5.000000000000000000e+01, -5.644297575433734337e+00
5.100000000000000000e+01, -5.762808796428909197e+00
5.200000000000000000e+01, -5.869171109433178657e+00
5.300000000000000000e+01, -5.973416360700428029e+00
5.400000000000000000e+01, -6.101140962637123799e+00
5.500000000000000000e+01, -6.206971028074990571e+00
5.600000000000000000e+01, -6.316777338266934549e+00
5.700000000000000000e+01, -6.400637295402790805e+00
5.800000000000000000e+01, -6.524863320181322202e+00
5.900000000000000000e+01, -6.627769075998648063e+00
6.000000000000000000e+01, -6.743918901102609276e+00
6.100000000000000000e+01, -6.848511193960362675e+00
6.200000000000000000e+01, -6.945721757077323311e+00
6.300000000000000000e+01, -7.056705218910315658e+00
6.400000000000000000e+01, -7.156270928607984416e+00
6.500000000000000000e+01, -7.263612604785745219e+00
6.600000000000000000e+01, -7.385437292711254820e+00
6.700000000000000000e+01, -7.473392373787948628e+00
6.800000000000000000e+01, -7.584336229851770916e+00
6.900000000000000000e+01, -7.680845320614675842e+00
7.000000000000000000e+01, -7.772594821999967429e+00
7.100000000000000000e+01, -7.905047153064452381e+00
7.200000000000000000e+01, -7.973287755673715616e+00
7.300000000000000000e+01, -8.104304935167450097e+00
7.400000000000000000e+01, -8.186797439475260063e+00
7.500000000000000000e+01, -8.287923522523064079e+00
7.600000000000000000e+01, -8.408567546807731219e+00
7.700000000000000000e+01, -8.489321285542517970e+00
7.800000000000000000e+01, -8.604420659716042863e+00
7.900000000000000000e+01, -8.683596435638703426e+00
8.000000000000000000e+01, -8.806113323548460770e+00
8.100000000000000000e+01, -8.893672550790672204e+00
8.200000000000000000e+01, -8.997182827917495018e+00
8.300000000000000000e+01, -9.099029799039739075e+00
8.400000000000000000e+01, -9.185073864767616669e+00
8.500000000000000000e+01, -9.308055199576088512e+00
8.600000000000000000e+01, -9.381807333549263106e+00
8.700000000000000000e+01, -9.497077418851578301e+00
8.800000000000000000e+01, -9.583255688468659272e+00
8.900000000000000000e+01, -9.684445389595515152e+00
9.000000000000000000e+01, -9.782917922988426440e+00
9.100000000000000000e+01, -9.878538402745435931e+00
9.200000000000000000e+01, -9.975613923492497648e+00
9.300000000000000000e+01, -1.008140219119624348e+01
9.400000000000000000e+01, -1.017131830170867701e+01
9.500000000000000000e+01, -1.026887067428032552e+01
9.600000000000000000e+01, -1.036747843625533427e+01
9.700000000000000000e+01, -1.045815644927957777e+01
9.800000000000000000e+01, -1.054777186091325092e+01
9.900000000000000000e+01, -1.065757425512325796e+01
1.000000000000000000e+02, -1.075193588307117309e+01
1.010000000000000000e+02, -1.084611447726022426e+01
1.020000000000000000e+02, -1.094250277380486303e+01
1.030000000000000000e+02, -1.103281327470878459e+01
1.040000000000000000e+02, -1.112836838885288770e+01
1.050000000000000000e+02, -1.123210145236678414e+01
1.060000000000000000e+02, -1.131572256596416004e+01
1.070000000000000000e+02, -1.141259660715556556e+01
1.080000000000000000e+02, -1.150543308154639632e+01
1.090000000000000000e+02, -1.160870519189818495e+01
1.100000000000000000e+02, -1.168885364066448318e+01
1.110000000000000000e+02, -1.179347454603023237e+01
1.120000000000000000e+02, -1.188969594868701662e+01
1.130000000000000000e+02, -1.197750613398349095e+01
1.140000000000000000e+02, -1.207084527751777792e+01
1.150000000000000000e+02, -1.216426110190202436e+01
1.160000000000000000e+02, -1.226235470053105736e+01
1.170000000000000000e+02, -1.235788124218971973e+01
1.180000000000000000e+02, -1.242752957978080275e+01
1.190000000000000000e+02, -1.254571366558181467e+01
1.200000000000000000e+02, -1.262522617953372794e+01
1.210000000000000000e+02, -1.272829462057740812e+01
1.220000000000000000e+02, -1.281535272108001244e+01
1.230000000000000000e+02, -1.290215570158520109e+01
1.240000000000000000e+02, -1.299530050566018247e+01
1.250000000000000000e+02, -1.308357024144457625e+01
1.260000000000000000e+02, -1.318718408702706490e+01
1.270000000000000000e+02, -1.326915860707306294e+01
1.280000000000000000e+02, -1.336003692994537495e+01
1.290000000000000000e+02, -1.345425893022275510e+01
1.300000000000000000e+02, -1.354479917524974830e+01
1.310000000000000000e+02, -1.363057761150403735e+01
1.320000000000000000e+02, -1.372471640351449551e+01
1.330000000000000000e+02, -1.381529418965406997e+01
1.340000000000000000e+02, -1.391096261123554179e+01
1.350000000000000000e+02, -1.398917613323697040e+01
1.360000000000000000e+02, -1.407856801485568887e+01
1.370000000000000000e+02, -1.417408724603190251e+01
1.380000000000000000e+02, -1.426804713018804627e+01
1.390000000000000000e+02, -1.435131046375617636e+01
1.400000000000000000e+02, -1.444280086483992065e+01
1.410000000000000000e+02, -1.452426178099798904e+01
1.420000000000000000e+02, -1.461910288331863228e+01
1.430000000000000000e+02, -1.470684063585485823e+01
1.440000000000000000e+02, -1.479128979201199279e+01
1.450000000000000000e+02, -1.488158656821774706e+01
1.460000000000000000e+02, -1.496510850688335736e+01
1.470000000000000000e+02, -1.505805354752904890e+01
1.480000000000000000e+02, -1.513704820634771941e+01
1.490000000000000000e+02, -1.523127262201051302e+01
1.500000000000000000e+02, -1.531858022777547212e+01
1.510000000000000000e+02, -1.541007525771695796e+01
1.520000000000000000e+02, -1.548123576053811057e+01
1.530000000000000000e+02, -1.557223577446568186e+01
1.540000000000000000e+02, -1.566834637452872947e+01
1.550000000000000000e+02, -1.574008651530920666e+01
1.560000000000000000e+02, -1.583404963572478152e+01
1.570000000000000000e+02, -1.591470642485190368e+01
1.580000000000000000e+02, -1.600199859063586061e+01
1.590000000000000000e+02, -1.608520154569282212e+01
1.600000000000000000e+02, -1.617238564205279872e+01
1.610000000000000000e+02, -1.624840639077030957e+01
1.620000000000000000e+02, -1.634388296737293444e+01
1.630000000000000000e+02, -1.641831140849138748e+01
1.640000000000000000e+02, -1.650131335817202682e+01
1.650000000000000000e+02, -1.658514187471200430e+01
1.660000000000000000e+02, -1.667163669982891605e+01
1.670000000000000000e+02, -1.674777566008354057e+01
1.680000000000000000e+02, -1.683610683140098985e+01
1.690000000000000000e+02, -1.690867865816370497e+01
1.700000000000000000e+02, -1.699549504226045826e+01
1.710000000000000000e+02, -1.707389164188823472e+01
1.720000000000000000e+02, -1.715256216299064107e+01
1.730000000000000000e+02, -1.724459975018547908e+01
1.740000000000000000e+02, -1.731002348987291839e+01
1.750000000000000000e+02, -1.739139511644107472e+01
1.760000000000000000e+02, -1.746806735987845371e+01
1.770000000000000000e+02, -1.755164120147328433e+01
1.780000000000000000e+02, -1.762746751816046142e+01
1.790000000000000000e+02, -1.769870182606109665e+01
1.800000000000000000e+02, -1.777928807546457080e+01
1.810000000000000000e+02, -1.784845190310039342e+01
1.820000000000000000e+02, -1.792519116552858449e+01
1.830000000000000000e+02, -1.799991937107479956e+01
1.840000000000000000e+02, -1.806629619537040199e+01
1.850000000000000000e+02, -1.814002599746908473e+01
1.860000000000000000e+02, -1.820688330168345104e+01
1.870000000000000000e+02, -1.826790812540791009e+01
1.880000000000000000e+02, -1.834135221422420869e+01
1.890000000000000000e+02, -1.840572955080919115e+01
1.900000000000000000e+02, -1.846009442724053784e+01
1.910000000000000000e+02, -1.851755621139275121e+01
