1.000000000000000000e+00, 2.501643016982752155e+00
2.000000000000000000e+00, 2.694115377216108609e+00
3.000000000000000000e+00, 1.981179500190942910e+00
4.000000000000000000e+00, 1.236185430282280118e+00
5.000000000000000000e+00, 1.057260314107187460e+00
6.000000000000000000e+00, 8.307425356031898911e-01
7.000000000000000000e+00, 4.509712515756620355e-01
8.000000000000000000e+00, 3.150999742046015628e-01
9.000000000000000000e+00, 1.971886062983936594e-01
1.000000000000000000e+01, 4.211508573333010846e-02
1.100000000000000000e+01, -2.681406575584430185e-01
1.200000000000000000e+01, -4.599066223148893795e-01
1.300000000000000000e+01, -5.003343115999393520e-01
1.400000000000000000e+01, -6.602486354371213118e-01
1.500000000000000000e+01, -8.929529311648836121e-01
1.600000000000000000e+01, -1.030742361055197343e+00
1.700000000000000000e+01, -1.152346030202018312e+00
1.800000000000000000e+01, -1.292574514461888091e+00
1.900000000000000000e+01, -1.490533908159938026e+00
2.000000000000000000e+01, -1.563676689895609817e+00
2.100000000000000000e+01, -1.771928397203625050e+00
2.200000000000000000e+01, -1.833473656935214358e+00
2.300000000000000000e+01, -2.015296841055588484e+00
2.400000000000000000e+01, -2.158083979098037730e+00
2.500000000000000000e+01, -2.289289829464754789e+00
2.600000000000000000e+01, -2.426322436460746967e+00
2.700000000000000000e+01, -2.556463216104257086e+00
2.800000000000000000e+01, -2.675740670061092175e+00
2.900000000000000000e+01, -2.796475314835226822e+00
3.000000000000000000e+01, -2.905073783505307983e+00
3.100000000000000000e+01, -3.064100685977453331e+00
3.200000000000000000e+01, -3.185198604791595223e+00
3.300000000000000000e+01, -3.311482263228747946e+00
3.400000000000000000e+01, -3.424322549876809951e+00
3.500000000000000000e+01, -3.538564345106089082e+00
3.600000000000000000e+01, -3.650198414276383030e+00
3.700000000000000000e+01, -3.773264172766952917e+00
3.800000000000000000e+01, -3.885332743681519485e+00
3.900000000000000000e+01, -4.032961172658484195e+00
4.000000000000000000e+01, -4.106596531631850233e+00
4.100000000000000000e+01, -4.236480132600788373e+00
4.200000000000000000e+01, -4.320669288822986509e+00
4.300000000000000000e+01, -4.476535345847644010e+00
4.400000000000000000e+01, -4.557472937232103227e+00
4.500000000000000000e+01, -4.683023751210285468e+00
4.600000000000000000e+01, -4.791574158356733726e+00
4.700000000000000000e+01, -4.896319977512050947e+00
4.800000000000000000e+01, -5.020066200170459680e+00
4.900000000000000000e+01, -5.092990169938427236e+00
5.000000000000000000e+01, -5.216681543729499992e+00
5.100000000000000000e+01, -5.328609746986247231e+00
5.200000000000000000e+01, -5.428414204930467335e+00
5.300000000000000000e+01, -5.526067064790144201e+00
5.400000000000000000e+01, -5.647539826541755126e+00
5.500000000000000000e+01, -5.746900572081965031e+00
5.600000000000000000e+01, -5.850145464457568778e+00
5.700000000000000000e+01, -5.927700313979726410e+00
5.800000000000000000e+01, -6.045617705014627141e+00
5.900000000000000000e+01, -6.142197021479087304e+00
6.000000000000000000e+01, -6.251923859467490630e+00
6.100000000000000000e+01, -6.350160069620221392e+00
6.200000000000000000e+01, -6.441004551324081007e+00
6.300000000000000000e+01, -6.545800892003045490e+00
6.400000000000000000e+01, -6.638855517893578195e+00
6.500000000000000000e+01, -6.740036331111642909e+00
6.600000000000000000e+01, -6.855556315789556265e+00
6.700000000000000000e+01, -6.937227525324805910e+00
6.800000000000000000e+01, -7.042060371699151666e+00
6.900000000000000000e+01, -7.132317640066844433e+00
7.000000000000000000e+01, -7.217740807093844246e+00
7.100000000000000000e+01, -7.344267039936370089e+00
7.200000000000000000e+01, -7.406339318152235229e+00
7.300000000000000000e+01, -7.530922484528863592e+00
7.400000000000000000e+01, -7.607179562748320301e+00
7.500000000000000000e+01, -7.702387920150134626e+00
7.600000000000000000e+01, -7.816493152175291392e+00
7.700000000000000000e+01, -7.891249939507236633e+00
7.800000000000000000e+01, -8.000057642450599360e+00
7.900000000000000000e+01, -8.073376922767437236e+00
8.000000000000000000e+01, -8.189346920064670243e+00
8.100000000000000000e+01, -8.270911617035178409e+00
8.200000000000000000e+01, -8.368169325249994017e+00
8.300000000000000000e+01, -8.463909484472903699e+00
8.400000000000000000e+01, -8.543578525555927783e+00
8.500000000000000000e+01, -8.660596383377148655e+00
8.600000000000000000e+01, -8.728305224271140972e+00
8.700000000000000000e+01, -8.837429372707777731e+00
8.800000000000000000e+01, -8.917251160694625867e+00
8.900000000000000000e+01, -9.012329220765623816e+00
9.000000000000000000e+01, -9.104633487337075337e+00
9.100000000000000000e+01, -9.194103645122133628e+00
9.200000000000000000e+01, -9.285075281900539323e+00
9.300000000000000000e+01, -9.384783032996269370e+00
9.400000000000000000e+01, -9.468575046850213894e+00
9.500000000000000000e+01, -9.559859526605199775e+00
9.600000000000000000e+01, -9.652469641208682560e+00
9.700000000000000000e+01, -9.736983167570590680e+00
9.800000000000000000e+01, -9.820350603794782529e+00
9.900000000000000000e+01, -9.923944167653482751e+00
1.000000000000000000e+02, -1.001231630952453422e+01
1.010000000000000000e+02, -1.010036166696129634e+01
1.020000000000000000e+02, -1.019076141818634440e+01
1.030000000000000000e+02, -1.027481161523854780e+01
1.040000000000000000e+02, -1.036418528236583469e+01
1.050000000000000000e+02, -1.046189608619193656e+01
1.060000000000000000e+02, -1.053947502974546246e+01
1.070000000000000000e+02, -1.063022386916974149e+01
1.080000000000000000e+02, -1.071693585985919839e+01
1.090000000000000000e+02, -1.081409330747522723e+01
1.100000000000000000e+02, -1.088837889621476052e+01
1.110000000000000000e+02, -1.098686421644122646e+01
1.120000000000000000e+02, -1.107691274969061546e+01
1.130000000000000000e+02, -1.115873434788649377e+01
1.140000000000000000e+02, -1.124598704253576642e+01
1.150000000000000000e+02, -1.133341286503463685e+01
1.160000000000000000e+02, -1.142540216662410657e+01
1.170000000000000000e+02, -1.151502901872651563e+01
1.180000000000000000e+02, -1.157862227964614910e+01
1.190000000000000000e+02, -1.169084389031217874e+01
1.200000000000000000e+02, -1.176429778634872392e+01
1.210000000000000000e+02, -1.186141778619238352e+01
1.220000000000000000e+02, -1.194254887477668881e+01
1.230000000000000000e+02, -1.202333354305226898e+01
1.240000000000000000e+02, -1.211054588606223525e+01
1.250000000000000000e+02, -1.219285498955578717e+01
1.260000000000000000e+02, -1.229040787074005792e+01
1.270000000000000000e+02, -1.236656297111010794e+01
1.280000000000000000e+02, -1.245150950403382772e+01
1.290000000000000000e+02, -1.253991844381727461e+01
1.300000000000000000e+02, -1.262457463848914330e+01
1.310000000000000000e+02, -1.270467775479318995e+01
1.320000000000000000e+02, -1.279282245559475406e+01
1.330000000000000000e+02, -1.287762972140467177e+01
1.340000000000000000e+02, -1.296762394423142162e+01
1.350000000000000000e+02, -1.303999259828735191e+01
1.360000000000000000e+02, -1.312364668219663066e+01
1.370000000000000000e+02, -1.321335861384674004e+01
1.380000000000000000e+02, -1.330169429452582008e+01
1.390000000000000000e+02, -1.337929549629032699e+01
1.400000000000000000e+02, -1.346516363614279221e+01
1.410000000000000000e+02, -1.354103270827236472e+01
1.420000000000000000e+02, -1.363013298684405328e+01
1.430000000000000000e+02, -1.371231652900173437e+01
1.440000000000000000e+02, -1.379131145476133824e+01
1.450000000000000000e+02, -1.387591346550387428e+01
1.460000000000000000e+02, -1.395400184380799935e+01
1.470000000000000000e+02, -1.404137526982436057e+01
1.480000000000000000e+02, -1.411502365963205108e+01
1.490000000000000000e+02, -1.420370926063879224e+01
1.500000000000000000e+02, -1.428563481829731607e+01
1.510000000000000000e+02, -1.437177008747542395e+01
1.520000000000000000e+02, -1.443754458957549680e+01
1.530000000000000000e+02, -1.452320928058758653e+01
1.540000000000000000e+02, -1.461403050001773352e+01
1.550000000000000000e+02, -1.468046999461158642e+01
1.560000000000000000e+02, -1.476925838280492620e+01
1.570000000000000000e+02, -1.484472826880570295e+01
1.580000000000000000e+02, -1.492681213197734991e+01
1.590000000000000000e+02, -1.500492248116450078e+01
1.600000000000000000e+02, -1.508698041955499036e+01
1.610000000000000000e+02, -1.515788798053768716e+01
1.620000000000000000e+02, -1.524823036270026755e+01
1.630000000000000000e+02, -1.531769318011102676e+01
1.640000000000000000e+02, -1.539560852598214424e+01
1.650000000000000000e+02, -1.547452414862299008e+01
1.660000000000000000e+02, -1.555603535691547989e+01
1.670000000000000000e+02, -1.562724590774601729e+01
1.680000000000000000e+02, -1.571063526720459436e+01
1.690000000000000000e+02, -1.577838148703827770e+01
1.700000000000000000e+02, -1.586034920246780722e+01
1.710000000000000000e+02, -1.593383539691301820e+01
1.720000000000000000e+02, -1.600765384788163459e+01
1.730000000000000000e+02, -1.609491325133727102e+01
1.740000000000000000e+02, -1.615556440960137508e+01
1.750000000000000000e+02, -1.623220924298452417e+01
1.760000000000000000e+02, -1.630403704789171826e+01
1.770000000000000000e+02, -1.638283186224374788e+01
1.780000000000000000e+02, -1.645390292325244985e+01
1.790000000000000000e+02, -1.652030760790846386e+01
1.800000000000000000e+02, -1.659630256925228409e+01
1.810000000000000000e+02, -1.666066612807567893e+01
1.820000000000000000e+02, -1.673267145173502968e+01
1.830000000000000000e+02, -1.680276071436987806e+01
1.840000000000000000e+02, -1.686438480163788256e+01
1.850000000000000000e+02, -1.693351297579535597e+01
1.860000000000000000e+02, -1.699572597698797338e+01
1.870000000000000000e+02, -1.705219560151360270e+01
1.880000000000000000e+02, -1.712110541300042499e+01
1.890000000000000000e+02, -1.718110497947977322e+01
1.900000000000000000e+02, -1.723123351466235320e+01
1.910000000000000000e+02, -1.728457544474219176e+01
