1.000000000000000000e+00, 2.907471096763064367e+00
2.000000000000000000e+00, 3.096245403874198665e+00
3.000000000000000000e+00, 2.354052432691052577e+00
4.000000000000000000e+00, 1.534513935503687865e+00
5.000000000000000000e+00, 1.302091356603092054e+00
6.000000000000000000e+00, 1.035945721943930309e+00
7.000000000000000000e+00, 6.503780895835353792e-01
8.000000000000000000e+00, 5.296924402026308432e-01
9.000000000000000000e+00, 4.355672816962208316e-01
1.000000000000000000e+01, 3.160076772696276404e-01
1.100000000000000000e+01, 4.460456842267201960e-02
1.200000000000000000e+01, -1.077529089460800699e-01
1.300000000000000000e+01, -1.050507149405068841e-01
1.400000000000000000e+01, -2.183960718072803509e-01
1.500000000000000000e+01, -4.057770441401312711e-01
1.600000000000000000e+01, -4.981351501221253919e-01
1.700000000000000000e+01, -5.752012168553001237e-01
1.800000000000000000e+01, -6.710588184993973027e-01
1.900000000000000000e+01, -8.279090724467089712e-01
2.000000000000000000e+01, -8.569238490642769879e-01
2.100000000000000000e+01, -1.023071941280439434e+00
2.200000000000000000e+01, -1.044482680055088597e+00
2.300000000000000000e+01, -1.186083248458497996e+00
2.400000000000000000e+01, -1.289162422176147960e+00
2.500000000000000000e+01, -1.382093904179370725e+00
2.600000000000000000e+01, -1.482407813681860809e+00
2.700000000000000000e+01, -1.577215283920454958e+00
2.800000000000000000e+01, -1.660825205725788178e+00
2.900000000000000000e+01, -1.746263840443657456e+00
3.000000000000000000e+01, -1.820583670657856423e+00
3.100000000000000000e+01, -1.945463530443802380e+00
3.200000000000000000e+01, -2.034523481661425492e+00
3.300000000000000000e+01, -2.129656260232219100e+00
3.400000000000000000e+01, -2.210755248069016243e+00
3.500000000000000000e+01, -2.294215538816275490e+00
3.600000000000000000e+01, -2.375863475826231586e+00
3.700000000000000000e+01, -2.468301069264915881e+00
3.800000000000000000e+01, -2.551316408682969605e+00
3.900000000000000000e+01, -2.670159964111843642e+00
4.000000000000000000e+01, -2.715367029835022983e+00
4.100000000000000000e+01, -2.817222810663472909e+00
4.200000000000000000e+01, -2.873748521550808288e+00
4.300000000000000000e+01, -3.001680658031948834e+00
4.400000000000000000e+01, -3.055756955736699698e+00
4.500000000000000000e+01, -3.155052567078736825e+00
4.600000000000000000e+01, -3.237001113930265461e+00
4.700000000000000000e+01, -3.316051789452242993e+00
4.800000000000000000e+01, -3.414295372184615651e+00
4.900000000000000000e+01, -3.461758907393791329e+00
5.000000000000000000e+01, -3.559802064064295557e+00
5.100000000000000000e+01, -3.647080011678047740e+00
5.200000000000000000e+01, -3.722277427640853897e+00
5.300000000000000000e+01, -3.794990794151128277e+00
5.400000000000000000e+01, -3.892594744234333604e+00
5.500000000000000000e+01, -3.968131862104088636e+00
5.600000000000000000e+01, -4.047778196889321833e+00
5.700000000000000000e+01, -4.101713298304692223e+00
5.800000000000000000e+01, -4.195725568025231667e+00
5.900000000000000000e+01, -4.268809946008279788e+00
6.000000000000000000e+01, -4.355371721205219870e+00
6.100000000000000000e+01, -4.430627914431141789e+00
6.200000000000000000e+01, -4.498548126511412448e+00
6.300000000000000000e+01, -4.580362246331260323e+00
6.400000000000000000e+01, -4.650499655267256394e+00
6.500000000000000000e+01, -4.728913148026590463e+00
6.600000000000000000e+01, -4.822217653325756359e+00
6.700000000000000000e+01, -4.881750353629792372e+00
6.800000000000000000e+01, -4.964321877122800153e+00
6.900000000000000000e+01, -5.032117399465542817e+00
7.000000000000000000e+01, -5.095471563257186531e+00
7.100000000000000000e+01, -5.199922074574010900e+00
7.200000000000000000e+01, -5.239897364701010751e+00
7.300000000000000000e+01, -5.342615575906798142e+00
7.400000000000000000e+01, -5.397286393449903130e+00
7.500000000000000000e+01, -5.470363223033550604e+00
7.600000000000000000e+01, -5.562929157992307694e+00
7.700000000000000000e+01, -5.616016540230162057e+00
7.800000000000000000e+01, -5.703273452489058926e+00
7.900000000000000000e+01, -5.754789004862455926e+00
8.000000000000000000e+01, -5.849402802759740894e+00
8.100000000000000000e+01, -5.909516376638241475e+00
8.200000000000000000e+01, -5.985175322524423080e+00
8.300000000000000000e+01, -6.059548272584797779e+00
8.400000000000000000e+01, -6.117933138426661088e+00
8.500000000000000000e+01, -6.213493295639547220e+00
8.600000000000000000e+01, -6.259900219467893656e+00
8.700000000000000000e+01, -6.347691357529236633e+00
8.800000000000000000e+01, -6.406410967759124553e+00
8.900000000000000000e+01, -6.480084627458793101e+00
9.000000000000000000e+01, -6.551089400732396761e+00
9.100000000000000000e+01, -6.619376501394431678e+00
9.200000000000000000e+01, -6.689113349366572869e+00
9.300000000000000000e+01, -6.767433252207038841e+00
9.400000000000000000e+01, -6.830156408169663074e+00
9.500000000000000000e+01, -6.900424881932712751e+00
9.600000000000000000e+01, -6.971816655329524437e+00
9.700000000000000000e+01, -7.035348142939692018e+00
9.800000000000000000e+01, -7.097397680160821842e+00
9.900000000000000000e+01, -7.179936832899369570e+00
1.000000000000000000e+02, -7.247145482026883911e+00
1.010000000000000000e+02, -7.314079776269073463e+00
1.020000000000000000e+02, -7.383420780376438231e+00
1.030000000000000000e+02, -7.446479917838054519e+00
1.040000000000000000e+02, -7.514788144435440742e+00
1.050000000000000000e+02, -7.591377816541252876e+00
1.060000000000000000e+02, -7.647956095119779363e+00
1.070000000000000000e+02, -7.717687570649956363e+00
1.080000000000000000e+02, -7.783319625430947575e+00
1.090000000000000000e+02, -7.859513897132042182e+00
1.100000000000000000e+02, -7.912706969445435057e+00
1.110000000000000000e+02, -7.990020994691927392e+00
1.120000000000000000e+02, -8.059238797630200679e+00
1.130000000000000000e+02, -8.120204811979013115e+00
1.140000000000000000e+02, -8.186441542860356080e+00
1.150000000000000000e+02, -8.252877535441980328e+00
1.160000000000000000e+02, -8.323920073244364559e+00
1.170000000000000000e+02, -8.392743470685777751e+00
1.180000000000000000e+02, -8.435230023781352671e+00
1.190000000000000000e+02, -8.526389989820859938e+00
1.200000000000000000e+02, -8.579104677115397593e+00
1.210000000000000000e+02, -8.655365250379519537e+00
1.220000000000000000e+02, -8.715842946022410942e+00
1.230000000000000000e+02, -8.775679867662546485e+00
1.240000000000000000e+02, -8.842061975647022010e+00
1.250000000000000000e+02, -8.903485209700418679e+00
1.260000000000000000e+02, -8.980384878349763511e+00
1.270000000000000000e+02, -9.035821955810675377e+00
1.280000000000000000e+02, -9.100014662054020320e+00
1.290000000000000000e+02, -9.167686263371875199e+00
1.300000000000000000e+02, -9.231527086292411255e+00
1.310000000000000000e+02, -9.290875581924369797e+00
1.320000000000000000e+02, -9.358414103196139422e+00
1.330000000000000000e+02, -9.422520628709870394e+00
1.340000000000000000e+02, -9.492082433433676414e+00
1.350000000000000000e+02, -9.543836711679555052e+00
1.360000000000000000e+02, -9.606770633849716745e+00
1.370000000000000000e+02, -9.675955439891932741e+00
1.380000000000000000e+02, -9.743693060902032244e+00
1.390000000000000000e+02, -9.800970818889474856e+00
1.400000000000000000e+02, -9.866344663556624539e+00
1.410000000000000000e+02, -9.921776067611670413e+00
1.420000000000000000e+02, -9.990443762998369337e+00
1.430000000000000000e+02, -1.005243385891657404e+01
1.440000000000000000e+02, -1.011100480725318285e+01
1.450000000000000000e+02, -1.017534479352828924e+01
1.460000000000000000e+02, -1.023314220835723631e+01
1.470000000000000000e+02, -1.030022822834212448e+01
1.480000000000000000e+02, -1.035372201526374170e+01
1.490000000000000000e+02, -1.042203422318849881e+01
1.500000000000000000e+02, -1.048396356380451699e+01
1.510000000000000000e+02, -1.055011887996120734e+01
1.520000000000000000e+02, -1.059567713877540918e+01
1.530000000000000000e+02, -1.066129106661640513e+01
1.540000000000000000e+02, -1.073205587276042294e+01
1.550000000000000000e+02, -1.077865964482708883e+01
1.560000000000000000e+02, -1.084734287370038963e+01
1.570000000000000000e+02, -1.090277818841312829e+01
1.580000000000000000e+02, -1.096494123099965101e+01
1.590000000000000000e+02, -1.102295458896724867e+01
1.600000000000000000e+02, -1.108533283170813455e+01
1.610000000000000000e+02, -1.113627322872202896e+01
1.620000000000000000e+02, -1.120678665189526235e+01
1.630000000000000000e+02, -1.125644371542168720e+01
1.640000000000000000e+02, -1.131432712054871104e+01
1.650000000000000000e+02, -1.137338211718116376e+01
1.660000000000000000e+02, -1.143491555863224285e+01
1.670000000000000000e+02, -1.148623774784287832e+01
1.680000000000000000e+02, -1.154967595226695742e+01
1.690000000000000000e+02, -1.159748042353767516e+01
1.700000000000000000e+02, -1.165932621752588894e+01
1.710000000000000000e+02, -1.171261132262134019e+01
1.720000000000000000e+02, -1.176659885721525001e+01
1.730000000000000000e+02, -1.183342031910273029e+01
1.740000000000000000e+02, -1.187441641201341547e+01
1.750000000000000000e+02, -1.193027683696454311e+01
1.760000000000000000e+02, -1.198181377007340842e+01
1.770000000000000000e+02, -1.204044079970502068e+01
1.780000000000000000e+02, -1.209099076673146200e+01
1.790000000000000000e+02, -1.213714123549712554e+01
1.800000000000000000e+02, -1.219213277717901533e+01
1.810000000000000000e+02, -1.223605616265557927e+01
1.820000000000000000e+02, -1.228762258623218351e+01
1.830000000000000000e+02, -1.233710923342661658e+01
1.840000000000000000e+02, -1.237823138574430182e+01
1.850000000000000000e+02, -1.242680393896835334e+01
1.860000000000000000e+02, -1.246861834080020159e+01
1.870000000000000000e+02, -1.250515688545115367e+01
1.880000000000000000e+02, -1.255400835621351163e+01
1.890000000000000000e+02, -1.259494504157741623e+01
1.900000000000000000e+02, -1.262646419019705313e+01
1.910000000000000000e+02, -1.266185625998803665e+01
