1.000000000000000000e+00, 1.708758504452529747e+00
2.000000000000000000e+00, 1.967039708136023357e+00
3.000000000000000000e+00, 1.465632316102247312e+00
4.000000000000000000e+00, 7.307209650350797725e-01
5.000000000000000000e+00, 4.563492600662612531e-01
6.000000000000000000e+00, 1.924754712289337977e-02
7.000000000000000000e+00, -5.761015546845494883e-01
8.000000000000000000e+00, -9.173430723604536485e-01
9.000000000000000000e+00, -1.257884358357493015e+00
1.000000000000000000e+01, -1.643621507541806137e+00
1.100000000000000000e+01, -2.162954693748280643e+00
1.200000000000000000e+01, -2.542560183000610596e+00
1.300000000000000000e+01, -2.768947000868179575e+00
1.400000000000000000e+01, -3.119961994908119429e+00
1.500000000000000000e+01, -3.534010129060112693e+00
1.600000000000000000e+01, -3.840313220029882846e+00
1.700000000000000000e+01, -4.128967506426233669e+00
1.800000000000000000e+01, -4.435038392546657882e+00
1.900000000000000000e+01, -4.794155457152172062e+00
2.000000000000000000e+01, -5.021881627101139500e+00
2.100000000000000000e+01, -5.386473166092883957e+00
2.200000000000000000e+01, -5.599028188449753252e+00
2.300000000000000000e+01, -5.934050182729265543e+00
2.400000000000000000e+01, -6.223879793422083750e+00
2.500000000000000000e+01, -6.499103162590531113e+00
2.600000000000000000e+01, -6.779525083295021126e+00
2.700000000000000000e+01, -7.050791544930686605e+00
2.800000000000000000e+01, -7.309262567606761074e+00
2.900000000000000000e+01, -7.572015004515510128e+00
3.000000000000000000e+01, -7.820683329561861186e+00
3.100000000000000000e+01, -8.120171842679674512e+00
3.200000000000000000e+01, -8.377141113809731365e+00
3.300000000000000000e+01, -8.640301661880812389e+00
3.400000000000000000e+01, -8.888103867874727726e+00
3.500000000000000000e+01, -9.137993906039282521e+00
3.600000000000000000e+01, -9.385460685479802834e+00
3.700000000000000000e+01, -9.644785686789481005e+00
3.800000000000000000e+01, -9.892150217757446740e+00
3.900000000000000000e+01, -1.017330360405150813e+01
4.000000000000000000e+01, -1.037981827679497115e+01
4.100000000000000000e+01, -1.064569925454697241e+01
4.200000000000000000e+01, -1.086554723288353941e+01
4.300000000000000000e+01, -1.115522850497963958e+01
4.400000000000000000e+01, -1.136939641992691463e+01
4.500000000000000000e+01, -1.163028480576116230e+01
4.600000000000000000e+01, -1.187202157536040126e+01
4.700000000000000000e+01, -1.210944943227906556e+01
4.800000000000000000e+01, -1.236621934717230786e+01
4.900000000000000000e+01, -1.257216508797609045e+01
5.000000000000000000e+01, -1.283106637235529135e+01
5.100000000000000000e+01, -1.307532506060635313e+01
5.200000000000000000e+01, -1.330844851691068165e+01
5.300000000000000000e+01, -1.353969503634986893e+01
5.400000000000000000e+01, -1.379400641654040172e+01
5.500000000000000000e+01, -1.402534584664375039e+01
5.600000000000000000e+01, -1.426013600480886723e+01
5.700000000000000000e+01, -1.447134134775541980e+01
5.800000000000000000e+01, -1.472347383944017274e+01
5.900000000000000000e+01, -1.495243379708020548e+01
6.000000000000000000e+01, -1.519523061464041547e+01
6.100000000000000000e+01, -1.542608670553542716e+01
6.200000000000000000e+01, -1.564990133573642517e+01
6.300000000000000000e+01, -1.588738913175459544e+01
6.400000000000000000e+01, -1.611351938940016026e+01
6.500000000000000000e+01, -1.634828484762362066e+01
6.600000000000000000e+01, -1.659579578014271917e+01
6.700000000000000000e+01, -1.680887133079194129e+01
6.800000000000000000e+01, -1.704614905143261439e+01
6.900000000000000000e+01, -1.726819570818829419e+01
7.000000000000000000e+01, -1.748700807937273893e+01
7.100000000000000000e+01, -1.774510044054582636e+01
7.200000000000000000e+01, -1.793938010133296146e+01
7.300000000000000000e+01, -1.819614472700718011e+01
7.400000000000000000e+01, -1.840435876232620060e+01
7.500000000000000000e+01, -1.863181597950384827e+01
7.600000000000000000e+01, -1.887772213384914011e+01
7.700000000000000000e+01, -1.908389607923698961e+01
7.800000000000000000e+01, -1.932421670475319075e+01
7.900000000000000000e+01, -1.952937768161812571e+01
8.000000000000000000e+01, -1.977711097752323965e+01
8.100000000000000000e+01, -1.998985006371183459e+01
8.200000000000000000e+01, -2.021813049369501059e+01
8.300000000000000000e+01, -2.044485199728626057e+01
8.400000000000000000e+01, -2.065592557252735517e+01
8.500000000000000000e+01, -2.090345440397748433e+01
8.600000000000000000e+01, -2.110130391568037567e+01
8.700000000000000000e+01, -2.134126330277266703e+01
8.800000000000000000e+01, -2.155125599338582276e+01
8.900000000000000000e+01, -2.177724540650757490e+01
9.000000000000000000e+01, -2.199950297849052205e+01
9.100000000000000000e+01, -2.221934049873127748e+01
9.200000000000000000e+01, -2.244004316608763006e+01
9.300000000000000000e+01, -2.266925842153056436e+01
9.400000000000000000e+01, -2.288222046459737058e+01
9.500000000000000000e+01, -2.310252180841517955e+01
9.600000000000000000e+01, -2.332391580779554019e+01
9.700000000000000000e+01, -2.353672217358993635e+01
9.800000000000000000e+01, -2.374976572096774774e+01
9.900000000000000000e+01, -2.398146474093793756e+01
1.000000000000000000e+02, -2.419688359466884364e+01
1.010000000000000000e+02, -2.441226711687673756e+01
1.020000000000000000e+02, -2.462912353000804444e+01
1.030000000000000000e+02, -2.484009494837066612e+01
1.040000000000000000e+02, -2.505477122810511403e+01
1.050000000000000000e+02, -2.527812264438435719e+01
1.060000000000000000e+02, -2.547979171690011668e+01
1.070000000000000000e+02, -2.569511466663936972e+01
1.080000000000000000e+02, -2.590486062130262823e+01
1.090000000000000000e+02, -2.612470530480647213e+01
1.100000000000000000e+02, -2.632067507279830920e+01
1.110000000000000000e+02, -2.653981043816039076e+01
1.120000000000000000e+02, -2.674849038335415230e+01
1.130000000000000000e+02, -2.694826982946615601e+01
1.140000000000000000e+02, -2.715222119769761377e+01
1.150000000000000000e+02, -2.735469467461538073e+01
1.160000000000000000e+02, -2.756015807300181919e+01
1.170000000000000000e+02, -2.776156224214343737e+01
1.180000000000000000e+02, -2.793432916915671171e+01
1.190000000000000000e+02, -2.815496163428302268e+01
1.200000000000000000e+02, -2.833360978096118998e+01
1.210000000000000000e+02, -2.853355242619033660e+01
1.220000000000000000e+02, -2.871490116712404372e+01
1.230000000000000000e+02, -2.889270723315428668e+01
1.240000000000000000e+02, -2.907534171716350713e+01
1.250000000000000000e+02, -2.924927073146740142e+01
1.260000000000000000e+02, -2.943498394944161589e+01
1.270000000000000000e+02, -2.959589232863219266e+01
1.280000000000000000e+02, -2.976214824521577285e+01
1.290000000000000000e+02, -2.992935844949212054e+01
1.300000000000000000e+02, -3.008646298374110017e+01
1.310000000000000000e+02, -3.023755589756702378e+01
1.320000000000000000e+02, -3.039213778451135894e+01
1.330000000000000000e+02, -3.053938893343521954e+01
1.340000000000000000e+02, -3.068745311401184850e+01
1.350000000000000000e+02, -3.081432027467743495e+01
1.360000000000000000e+02, -3.094905687190762933e+01
1.370000000000000000e+02, -3.108609282897567994e+01
1.380000000000000000e+02, -3.121654733645917901e+01
1.390000000000000000e+02, -3.133356563668489514e+01
1.400000000000000000e+02, -3.145544528499043579e+01
1.410000000000000000e+02, -3.156338321443286432e+01
1.420000000000000000e+02, -3.168081279694307284e+01
1.430000000000000000e+02, -3.178856616331491480e+01
1.440000000000000000e+02, -3.189037668103493317e+01
1.450000000000000000e+02, -3.199393798317880311e+01
1.460000000000000000e+02, -3.208825846974978191e+01
1.470000000000000000e+02, -3.218886566562140672e+01
1.480000000000000000e+02, -3.227472723044721192e+01
1.490000000000000000e+02, -3.237119837582580573e+01
1.500000000000000000e+02, -3.245937240707535665e+01
1.510000000000000000e+02, -3.254922990480268652e+01
1.520000000000000000e+02, -3.261712431604079399e+01
1.530000000000000000e+02, -3.270251103819271776e+01
1.540000000000000000e+02, -3.279131419739231745e+01
1.550000000000000000e+02, -3.285373940422144301e+01
1.560000000000000000e+02, -3.293768018404479392e+01
1.570000000000000000e+02, -3.300614914484300044e+01
1.580000000000000000e+02, -3.307915416276804166e+01
1.590000000000000000e+02, -3.314804928103229997e+01
1.600000000000000000e+02, -3.321900611581535401e+01
1.610000000000000000e+02, -3.327792390117485155e+01
1.620000000000000000e+02, -3.335460080074818734e+01
1.630000000000000000e+02, -3.341021341937511835e+01
1.640000000000000000e+02, -3.347261819384371506e+01
1.650000000000000000e+02, -3.353510267287097690e+01
1.660000000000000000e+02, -3.359968007626259379e+01
1.670000000000000000e+02, -3.365271919628017372e+01
1.680000000000000000e+02, -3.371767530880028829e+01
1.690000000000000000e+02, -3.376620313898649073e+01
1.700000000000000000e+02, -3.382788862876165581e+01
1.710000000000000000e+02, -3.388103682888321089e+01
1.720000000000000000e+02, -3.393340863089382964e+01
1.730000000000000000e+02, -3.399916871871580071e+01
1.740000000000000000e+02, -3.403752651829292120e+01
1.750000000000000000e+02, -3.409198210589826061e+01
1.760000000000000000e+02, -3.414045120636919961e+01
1.770000000000000000e+02, -3.419587583440141998e+01
1.780000000000000000e+02, -3.424388556013990126e+01
1.790000000000000000e+02, -3.428595757422655765e+01
1.800000000000000000e+02, -3.433813102814023210e+01
1.810000000000000000e+02, -3.437857667978565246e+01
1.820000000000000000e+02, -3.442605174337018070e+01
1.830000000000000000e+02, -3.447211656405138314e+01
1.840000000000000000e+02, -3.450930241182082625e+01
1.850000000000000000e+02, -3.455481707818573511e+01
1.860000000000000000e+02, -3.459261405769362341e+01
1.870000000000000000e+02, -3.462620085091292310e+01
1.880000000000000000e+02, -3.467122278618165154e+01
1.890000000000000000e+02, -3.470951404637153104e+01
1.900000000000000000e+02, -3.473740860624062066e+01
1.910000000000000000e+02, -3.476944699486951151e+01
