1.000000000000000000e+00, 2.206984124882239051e+00
2.000000000000000000e+00, 2.465259694460582907e+00
3.000000000000000000e+00, 1.777673617032525355e+00
4.000000000000000000e+00, 1.097858433261197586e+00
5.000000000000000000e+00, 9.336627704920588133e-01
6.000000000000000000e+00, 6.908019182565623417e-01
7.000000000000000000e+00, 2.869809816619289800e-01
8.000000000000000000e+00, 1.174748821468643983e-01
9.000000000000000000e+00, -4.289579716934925624e-02
1.000000000000000000e+01, -2.511973353411271481e-01
1.100000000000000000e+01, -6.060196717668164812e-01
1.200000000000000000e+01, -8.426702714274565409e-01
1.300000000000000000e+01, -9.247604065748363800e-01
1.400000000000000000e+01, -1.129785269782312085e+00
1.500000000000000000e+01, -1.405977791170225588e+00
1.600000000000000000e+01, -1.583469865454153913e+00
1.700000000000000000e+01, -1.743811503209657499e+00
1.800000000000000000e+01, -1.922511205190497563e+00
1.900000000000000000e+01, -2.158162486202482633e+00
2.000000000000000000e+01, -2.266898366823676181e+00
2.100000000000000000e+01, -2.510589086128568681e+00
2.200000000000000000e+01, -2.606883383402436749e+00
2.300000000000000000e+01, -2.821947761964578305e+00
2.400000000000000000e+01, -2.997012689223793824e+00
2.500000000000000000e+01, -3.159583556301198470e+00
2.600000000000000000e+01, -3.327443919724280441e+00
2.700000000000000000e+01, -3.488666982301843689e+00
2.800000000000000000e+01, -3.637327432492590162e+00
2.900000000000000000e+01, -3.787855946448265954e+00
3.000000000000000000e+01, -3.924829080201535980e+00
3.100000000000000000e+01, -4.112956437223782125e+00
3.200000000000000000e+01, -4.262007352543632166e+00
3.300000000000000000e+01, -4.415774068252841467e+00
3.400000000000000000e+01, -4.554950922114413991e+00
3.500000000000000000e+01, -4.696265989384614592e+00
3.600000000000000000e+01, -4.834555123607402471e+00
3.700000000000000000e+01, -4.983607786476091484e+00
3.800000000000000000e+01, -5.122254728702973381e+00
3.900000000000000000e+01, -5.294994253746590829e+00
4.000000000000000000e+01, -5.393829673789398704e+00
4.100000000000000000e+01, -5.548964340496505443e+00
4.200000000000000000e+01, -5.658822145306412033e+00
4.300000000000000000e+01, -5.839256785622109369e+00
4.400000000000000000e+01, -5.944711401486383551e+00
4.500000000000000000e+01, -6.095393479950687698e+00
4.600000000000000000e+01, -6.228180792325550996e+00
4.700000000000000000e+01, -6.356942401033633061e+00
4.800000000000000000e+01, -6.504696699728122589e+00
4.900000000000000000e+01, -6.601498137209410366e+00
5.000000000000000000e+01, -6.749169936045559481e+00
5.100000000000000000e+01, -6.884629327955999578e+00
5.200000000000000000e+01, -7.008359636099700474e+00
5.300000000000000000e+01, -7.129443491199134009e+00
5.400000000000000000e+01, -7.274313567604751896e+00
5.500000000000000000e+01, -7.396931831362095089e+00
5.600000000000000000e+01, -7.523384554185936324e+00
5.700000000000000000e+01, -7.624407211205173063e+00
5.800000000000000000e+01, -7.765641339577219249e+00
5.900000000000000000e+01, -7.885312339149407990e+00
6.000000000000000000e+01, -8.018140438081623245e+00
6.100000000000000000e+01, -8.139432976369269213e+00
6.200000000000000000e+01, -8.253509394202446003e+00
6.300000000000000000e+01, -8.381141964305996339e+00
6.400000000000000000e+01, -8.497286231741830065e+00
6.500000000000000000e+01, -8.621488499432215846e+00
6.600000000000000000e+01, -8.760048238663957321e+00
6.700000000000000000e+01, -8.864544562927134663e+00
6.800000000000000000e+01, -8.992315903932773580e+00
6.900000000000000000e+01, -9.105183567744621342e+00
7.000000000000000000e+01, -9.213714335089186136e+00
7.100000000000000000e+01, -9.362955509560508816e+00
7.200000000000000000e+01, -9.447799788867838444e+00
7.300000000000000000e+01, -9.595319499980911715e+00
7.400000000000000000e+01, -9.694470842052394843e+00
7.500000000000000000e+01, -9.812185942667817073e+00
7.600000000000000000e+01, -9.949377140285486476e+00
7.700000000000000000e+01, -1.004676124987893537e+01
7.800000000000000000e+01, -1.017835344285981591e+01
7.900000000000000000e+01, -1.027434482728238585e+01
8.000000000000000000e+01, -1.041321699112186572e+01
8.100000000000000000e+01, -1.051740594269122298e+01
8.200000000000000000e+01, -1.063735949168782646e+01
8.300000000000000000e+01, -1.075580217625027224e+01
8.400000000000000000e+01, -1.085823382221803435e+01
8.500000000000000000e+01, -1.099774124454854629e+01
8.600000000000000000e+01, -1.108795615666361023e+01
8.700000000000000000e+01, -1.121976396371830198e+01
8.800000000000000000e+01, -1.132224500450865179e+01
8.900000000000000000e+01, -1.143986273236594720e+01
9.000000000000000000e+01, -1.155479757461266388e+01
9.100000000000000000e+01, -1.166688201865861529e+01
9.200000000000000000e+01, -1.178032851919077117e+01
9.300000000000000000e+01, -1.190253255341921346e+01
9.400000000000000000e+01, -1.200879698028143849e+01
9.500000000000000000e+01, -1.212265154809608170e+01
9.600000000000000000e+01, -1.223761362831756117e+01
9.700000000000000000e+01, -1.234458686048634668e+01
9.800000000000000000e+01, -1.245054236164200567e+01
9.900000000000000000e+01, -1.257663619648148234e+01
1.000000000000000000e+02, -1.268721246321820395e+01
1.010000000000000000e+02, -1.279752192677797851e+01
1.020000000000000000e+02, -1.291020688186448950e+01
1.030000000000000000e+02, -1.301658179450252462e+01
1.040000000000000000e+02, -1.312829618450241576e+01
1.050000000000000000e+02, -1.324820598592992837e+01
1.060000000000000000e+02, -1.334788638691378893e+01
1.070000000000000000e+02, -1.346092737221279911e+01
1.080000000000000000e+02, -1.356978809290209398e+01
1.090000000000000000e+02, -1.368904529838288830e+01
1.100000000000000000e+02, -1.378522793793985279e+01
1.110000000000000000e+02, -1.390586238430969601e+01
1.120000000000000000e+02, -1.401782231626240183e+01
1.130000000000000000e+02, -1.412161033345731731e+01
1.140000000000000000e+02, -1.423083901216319624e+01
1.150000000000000000e+02, -1.433999830698176581e+01
1.160000000000000000e+02, -1.445382516244760929e+01
1.170000000000000000e+02, -1.456503690042150723e+01
1.180000000000000000e+02, -1.465043306048306881e+01
1.190000000000000000e+02, -1.478423674396130849e+01
1.200000000000000000e+02, -1.487924644452857414e+01
1.210000000000000000e+02, -1.499799806860409213e+01
1.220000000000000000e+02, -1.510048239540228288e+01
1.230000000000000000e+02, -1.520263741936262747e+01
1.240000000000000000e+02, -1.531136852831458661e+01
1.250000000000000000e+02, -1.541499238645179837e+01
1.260000000000000000e+02, -1.553393001403054541e+01
1.270000000000000000e+02, -1.563107255124413619e+01
1.280000000000000000e+02, -1.573718129344461403e+01
1.290000000000000000e+02, -1.584654659958035516e+01
1.300000000000000000e+02, -1.595191043982884516e+01
1.310000000000000000e+02, -1.605301015101517592e+01
1.320000000000000000e+02, -1.616201567595978972e+01
1.330000000000000000e+02, -1.626753608489358527e+01
1.340000000000000000e+02, -1.637799876510641539e+01
1.350000000000000000e+02, -1.647093354132830711e+01
1.360000000000000000e+02, -1.657504936443072197e+01
1.370000000000000000e+02, -1.668521334982054682e+01
1.380000000000000000e+02, -1.679353150381786364e+01
1.390000000000000000e+02, -1.689127701500427747e+01
1.400000000000000000e+02, -1.699722089798950719e+01
1.410000000000000000e+02, -1.709298403739497374e+01
1.420000000000000000e+02, -1.720189851872530795e+01
1.430000000000000000e+02, -1.730379365725081442e+01
1.440000000000000000e+02, -1.740232852691794818e+01
1.450000000000000000e+02, -1.750656105098965654e+01
1.460000000000000000e+02, -1.760393051074126447e+01
1.470000000000000000e+02, -1.771055464154820314e+01
1.480000000000000000e+02, -1.780343180019768923e+01
1.490000000000000000e+02, -1.791124566985855893e+01
1.500000000000000000e+02, -1.801204740335953502e+01
1.510000000000000000e+02, -1.811674927975560578e+01
1.520000000000000000e+02, -1.820116226679580507e+01
1.530000000000000000e+02, -1.830545966688856296e+01
1.540000000000000000e+02, -1.841464781087175240e+01
1.550000000000000000e+02, -1.849926358898634504e+01
1.560000000000000000e+02, -1.860618558000361844e+01
1.570000000000000000e+02, -1.869953924281918844e+01
1.580000000000000000e+02, -1.879943030447975261e+01
1.590000000000000000e+02, -1.889521262658903566e+01
1.600000000000000000e+02, -1.899481948201781734e+01
1.610000000000000000e+02, -1.908310373411677574e+01
1.620000000000000000e+02, -1.919066036738299630e+01
1.630000000000000000e+02, -1.927725463559889363e+01
1.640000000000000000e+02, -1.937210604086315158e+01
1.650000000000000000e+02, -1.946779596597206563e+01
1.660000000000000000e+02, -1.956597322935345318e+01
1.670000000000000000e+02, -1.965379475702095391e+01
1.680000000000000000e+02, -1.975353647742119989e+01
1.690000000000000000e+02, -1.983754071311971856e+01
1.700000000000000000e+02, -1.993566721454440582e+01
1.710000000000000000e+02, -2.002510233047546251e+01
1.720000000000000000e+02, -2.011477243249580127e+01
1.730000000000000000e+02, -2.021778705560456046e+01
1.740000000000000000e+02, -2.029407531732809744e+01
1.750000000000000000e+02, -2.038617716686708548e+01
1.760000000000000000e+02, -2.047354084054319046e+01
1.770000000000000000e+02, -2.056768231338784858e+01
1.780000000000000000e+02, -2.065392073839495879e+01
1.790000000000000000e+02, -2.073529441488193825e+01
1.800000000000000000e+02, -2.082629454933269386e+01
1.810000000000000000e+02, -2.090562064571346212e+01
1.820000000000000000e+02, -2.099245464313185394e+01
1.830000000000000000e+02, -2.107714485079810629e+01
1.840000000000000000e+02, -2.115335927990519593e+01
1.850000000000000000e+02, -2.123689044180604668e+01
1.860000000000000000e+02, -2.131316453363112373e+01
1.870000000000000000e+02, -2.138364114486806500e+01
1.880000000000000000e+02, -2.146620932932123438e+01
1.890000000000000000e+02, -2.153954636339236117e+01
1.900000000000000000e+02, -2.160243381496866988e+01
1.910000000000000000e+02, -2.166803956038333823e+01
