1.000000000000000000e+00, 2.023521177895491796e+00
2.000000000000000000e+00, 2.301599156691521486e+00
3.000000000000000000e+00, 1.676937141224935868e+00
4.000000000000000000e+00, 1.014388178667285478e+00
5.000000000000000000e+00, 8.441655690062656037e-01
6.000000000000000000e+00, 5.623765946317100806e-01
7.000000000000000000e+00, 1.152027298263233607e-01
8.000000000000000000e+00, -9.121439349484367076e-02
9.000000000000000000e+00, -2.893514280471277123e-01
1.000000000000000000e+01, -5.366466456474388025e-01
1.100000000000000000e+01, -9.324100819641877314e-01
1.200000000000000000e+01, -1.205264224619454705e+00
1.300000000000000000e+01, -1.322346508407921117e+00
1.400000000000000000e+01, -1.563577382880962485e+00
1.500000000000000000e+01, -1.873257562823207767e+00
1.600000000000000000e+01, -2.082192325156371648e+00
1.700000000000000000e+01, -2.274932443007315452e+00
1.800000000000000000e+01, -2.484570483139941555e+00
1.900000000000000000e+01, -2.749962486069046808e+00
2.000000000000000000e+01, -2.886156477914585849e+00
2.100000000000000000e+01, -3.158179391385098178e+00
2.200000000000000000e+01, -3.281470683387734066e+00
2.300000000000000000e+01, -3.524955153739646185e+00
2.400000000000000000e+01, -3.726400306283927488e+00
2.500000000000000000e+01, -3.914983566370865642e+00
2.600000000000000000e+01, -4.107952635279863429e+00
2.700000000000000000e+01, -4.293669224241916993e+00
2.800000000000000000e+01, -4.466726436916675702e+00
2.900000000000000000e+01, -4.641443868064014211e+00
3.000000000000000000e+01, -4.803628382962010335e+00
3.100000000000000000e+01, -5.015639315066207971e+00
3.200000000000000000e+01, -5.188038730064191029e+00
3.300000000000000000e+01, -5.365341905059849203e+00
3.400000000000000000e+01, -5.527382697403779410e+00
3.500000000000000000e+01, -5.691411940472694830e+00
3.600000000000000000e+01, -5.852665955250339280e+00
3.700000000000000000e+01, -6.024695812065736789e+00
3.800000000000000000e+01, -6.185286748530007372e+00
3.900000000000000000e+01, -6.380409626989739458e+00
4.000000000000000000e+01, -6.501503924467324502e+00
4.100000000000000000e+01, -6.679509182907349185e+00
4.200000000000000000e+01, -6.811396178099819565e+00
4.300000000000000000e+01, -7.014508169346699518e+00
4.400000000000000000e+01, -7.141813516498383585e+00
4.500000000000000000e+01, -7.314915712869924036e+00
4.600000000000000000e+01, -7.469608695116261465e+00
4.700000000000000000e+01, -7.620103830258452504e+00
4.800000000000000000e+01, -7.789905992129458667e+00
4.900000000000000000e+01, -7.908672832620093018e+00
5.000000000000000000e+01, -8.078795110524000123e+00
5.100000000000000000e+01, -8.235948641921954305e+00
5.200000000000000000e+01, -8.381564884757533918e+00
5.300000000000000000e+01, -8.524643609336573391e+00
5.400000000000000000e+01, -8.691338235586046679e+00
5.500000000000000000e+01, -8.835454259769861096e+00
5.600000000000000000e+01, -8.983895472239408875e+00
5.700000000000000000e+01, -9.106745728803089079e+00
5.800000000000000000e+01, -9.270027716016262076e+00
5.900000000000000000e+01, -9.411657706567462256e+00
6.000000000000000000e+01, -9.566489391726191727e+00
6.100000000000000000e+01, -9.709492680229191208e+00
6.200000000000000000e+01, -9.845599021018603736e+00
6.300000000000000000e+01, -9.995323432097466210e+00
6.400000000000000000e+01, -1.013346250943660998e+01
6.500000000000000000e+01, -1.027961586166571450e+01
6.600000000000000000e+01, -1.044008761238982963e+01
6.700000000000000000e+01, -1.056620248125828532e+01
6.800000000000000000e+01, -1.071580884312485260e+01
6.900000000000000000e+01, -1.085041943996002978e+01
7.000000000000000000e+01, -1.098099003605343427e+01
7.100000000000000000e+01, -1.115208765071561281e+01
7.200000000000000000e+01, -1.125869456282202385e+01
7.300000000000000000e+01, -1.142807828143572735e+01
7.400000000000000000e+01, -1.154896078867670361e+01
7.500000000000000000e+01, -1.168875608878853534e+01
7.600000000000000000e+01, -1.184739861352164247e+01
7.700000000000000000e+01, -1.196644658897164781e+01
7.800000000000000000e+01, -1.211980766653769592e+01
7.900000000000000000e+01, -1.223756955962278248e+01
8.000000000000000000e+01, -1.239808704216846635e+01
8.100000000000000000e+01, -1.252402220749371153e+01
8.200000000000000000e+01, -1.266555244633539346e+01
8.300000000000000000e+01, -1.280546572651413761e+01
8.400000000000000000e+01, -1.292980448893247392e+01
8.500000000000000000e+01, -1.309083943025858865e+01
8.600000000000000000e+01, -1.320250141477559502e+01
8.700000000000000000e+01, -1.335597819951461496e+01
8.800000000000000000e+01, -1.347973195901347587e+01
8.900000000000000000e+01, -1.361904527355923555e+01
9.000000000000000000e+01, -1.375538681586438017e+01
9.100000000000000000e+01, -1.388893998922530848e+01
9.200000000000000000e+01, -1.402379395468248902e+01
9.300000000000000000e+01, -1.416728301567995807e+01
9.400000000000000000e+01, -1.429486324858215696e+01
9.500000000000000000e+01, -1.443002344955509564e+01
9.600000000000000000e+01, -1.456615766314733484e+01
9.700000000000000000e+01, -1.469437140121075025e+01
9.800000000000000000e+01, -1.482158216181609589e+01
9.900000000000000000e+01, -1.496890507141615068e+01
1.000000000000000000e+02, -1.510040807335219704e+01
1.010000000000000000e+02, -1.523180699602531263e+01
1.020000000000000000e+02, -1.536554151985173355e+01
1.030000000000000000e+02, -1.549276223929401297e+01
1.040000000000000000e+02, -1.562540870768279611e+01
1.050000000000000000e+02, -1.576602388866019311e+01
1.060000000000000000e+02, -1.588647968055740023e+01
1.070000000000000000e+02, -1.602036968091338309e+01
1.080000000000000000e+02, -1.614980272498677394e+01
1.090000000000000000e+02, -1.628977492475901201e+01
1.100000000000000000e+02, -1.640651338493270117e+01
1.110000000000000000e+02, -1.654785633161194269e+01
1.120000000000000000e+02, -1.668000471381246541e+01
1.130000000000000000e+02, -1.680418281832650251e+01
1.140000000000000000e+02, -1.693362744642372775e+01
1.150000000000000000e+02, -1.706290673664206636e+01
1.160000000000000000e+02, -1.719691086219892284e+01
1.170000000000000000e+02, -1.732827455010881934e+01
1.180000000000000000e+02, -1.743343112824647179e+01
1.190000000000000000e+02, -1.758740325600832222e+01
1.200000000000000000e+02, -1.770212996848543696e+01
1.210000000000000000e+02, -1.784055039051643732e+01
1.220000000000000000e+02, -1.796256985740474121e+01
1.230000000000000000e+02, -1.808426643977801618e+01
1.240000000000000000e+02, -1.821241946540065726e+01
1.250000000000000000e+02, -1.833549285685278463e+01
1.260000000000000000e+02, -1.847365420516056389e+01
1.270000000000000000e+02, -1.858980140531538083e+01
1.280000000000000000e+02, -1.871506186752253953e+01
1.290000000000000000e+02, -1.884337282294995930e+01
1.300000000000000000e+02, -1.896752494344038809e+01
1.310000000000000000e+02, -1.908728771561760240e+01
1.320000000000000000e+02, -1.921487432195579714e+01
1.330000000000000000e+02, -1.933898697858430893e+01
1.340000000000000000e+02, -1.946740879004907754e+01
1.350000000000000000e+02, -1.957865490879799708e+01
1.360000000000000000e+02, -1.970080915383337938e+01
1.370000000000000000e+02, -1.982895928048579748e+01
1.380000000000000000e+02, -1.995500056214899587e+01
1.390000000000000000e+02, -2.007016999847144589e+01
1.400000000000000000e+02, -2.019363020305997480e+01
1.410000000000000000e+02, -2.030661608501036497e+01
1.420000000000000000e+02, -2.043260477835019628e+01
1.430000000000000000e+02, -2.055133894881690537e+01
1.440000000000000000e+02, -2.066679956109279459e+01
1.450000000000000000e+02, -2.078738619467048210e+01
1.460000000000000000e+02, -2.090116313245438207e+01
1.470000000000000000e+02, -2.102389979021563349e+01
1.480000000000000000e+02, -2.113298224140077863e+01
1.490000000000000000e+02, -2.125636464417048899e+01
1.500000000000000000e+02, -2.137265583105547861e+01
1.510000000000000000e+02, -2.149252658861825793e+01
1.520000000000000000e+02, -2.159214399207626656e+01
1.530000000000000000e+02, -2.171125902268535768e+01
1.540000000000000000e+02, -2.183489488933875222e+01
1.550000000000000000e+02, -2.193377139608263704e+01
1.560000000000000000e+02, -2.205499540097766342e+01
1.570000000000000000e+02, -2.216211909969531035e+01
1.580000000000000000e+02, -2.227536736606498735e+01
1.590000000000000000e+02, -2.238452740099533500e+01
1.600000000000000000e+02, -2.249698162128717271e+01
1.610000000000000000e+02, -2.259805774206486717e+01
1.620000000000000000e+02, -2.271784810373295116e+01
1.630000000000000000e+02, -2.281658541295179532e+01
1.640000000000000000e+02, -2.292327016029802422e+01
1.650000000000000000e+02, -2.303049334535580073e+01
1.660000000000000000e+02, -2.313974801255311675e+01
1.670000000000000000e+02, -2.323820659206760553e+01
1.680000000000000000e+02, -2.334868369564965462e+01
1.690000000000000000e+02, -2.344281833233479517e+01
1.700000000000000000e+02, -2.355083761755721028e+01
1.710000000000000000e+02, -2.364970115335961864e+01
1.720000000000000000e+02, -2.374866621160900948e+01
1.730000000000000000e+02, -2.386062374173807754e+01
1.740000000000000000e+02, -2.394523884789889223e+01
1.750000000000000000e+02, -2.404561559067602516e+01
1.760000000000000000e+02, -2.414085224330728607e+01
1.770000000000000000e+02, -2.424232851412187983e+01
1.780000000000000000e+02, -2.433597564960471971e+01
1.790000000000000000e+02, -2.442403054343403923e+01
1.800000000000000000e+02, -2.452158223189826103e+01
1.810000000000000000e+02, -2.460706356828724495e+01
1.820000000000000000e+02, -2.469977509399202376e+01
1.830000000000000000e+02, -2.478995365422661479e+01
1.840000000000000000e+02, -2.487121916115245668e+01
1.850000000000000000e+02, -2.495976582605693395e+01
1.860000000000000000e+02, -2.504031009220640414e+01
1.870000000000000000e+02, -2.511505870303293619e+01
1.880000000000000000e+02, -2.520113397004178424e+01
1.890000000000000000e+02, -2.527805332458660459e+01
1.900000000000000000e+02, -2.534397117993140824e+01
1.910000000000000000e+02, -2.541196588066170747e+01
