1.000000000000000000e+00, 2.135423855582217367e+00
2.000000000000000000e+00, 2.390183668070053002e+00
3.000000000000000000e+00, 1.733726680167577028e+00
4.000000000000000000e+00, 1.060558982894954871e+00
5.000000000000000000e+00, 9.023629002607010952e-01
6.000000000000000000e+00, 6.395391992613591592e-01
7.000000000000000000e+00, 2.194074789252282720e-01
8.000000000000000000e+00, 3.578397195907900841e-02
9.000000000000000000e+00, -1.468894337677384976e-01
1.000000000000000000e+01, -3.732696207765310303e-01
1.100000000000000000e+01, -7.459143126236167376e-01
1.200000000000000000e+01, -9.991872870369635784e-01
1.300000000000000000e+01, -1.098627431338327076e+00
1.400000000000000000e+01, -1.319823601872872620e+00
1.500000000000000000e+01, -1.611746442786913036e+00
1.600000000000000000e+01, -1.803711493033411273e+00
1.700000000000000000e+01, -1.979555554835490172e+00
1.800000000000000000e+01, -2.172748140643784076e+00
1.900000000000000000e+01, -2.421475430925712491e+00
2.000000000000000000e+01, -2.542872435888063443e+00
2.100000000000000000e+01, -2.799718974231222735e+00
2.200000000000000000e+01, -2.908561457128829630e+00
2.300000000000000000e+01, -3.136835569967711734e+00
2.400000000000000000e+01, -3.324943834076468985e+00
2.500000000000000000e+01, -3.498384570264831961e+00
2.600000000000000000e+01, -3.678431490540804649e+00
2.700000000000000000e+01, -3.849918084518775707e+00
2.800000000000000000e+01, -4.010165779132941921e+00
2.900000000000000000e+01, -4.171661308316570782e+00
3.000000000000000000e+01, -4.320347216746287522e+00
3.100000000000000000e+01, -4.519328520171214336e+00
3.200000000000000000e+01, -4.678474420936581168e+00
3.300000000000000000e+01, -4.843046204732132765e+00
3.400000000000000000e+01, -4.992304859779343573e+00
3.500000000000000000e+01, -5.144012325111962269e+00
3.600000000000000000e+01, -5.292367390591389054e+00
3.700000000000000000e+01, -5.451786711024904086e+00
3.800000000000000000e+01, -5.600398982509090295e+00
3.900000000000000000e+01, -5.782870985084953119e+00
4.000000000000000000e+01, -5.891989105014658890e+00
4.100000000000000000e+01, -6.057373251725570285e+00
4.200000000000000000e+01, -6.176914186042307797e+00
4.300000000000000000e+01, -6.367410773780205702e+00
4.400000000000000000e+01, -6.482580336604744531e+00
4.500000000000000000e+01, -6.643114782669833573e+00
4.600000000000000000e+01, -6.785384787503794257e+00
4.700000000000000000e+01, -6.924149063736699361e+00
4.800000000000000000e+01, -7.081670016967485104e+00
4.900000000000000000e+01, -7.188297868761698517e+00
5.000000000000000000e+01, -7.345901653975864143e+00
5.100000000000000000e+01, -7.491150386552667406e+00
5.200000000000000000e+01, -7.624300444957879286e+00
5.300000000000000000e+01, -7.755277107828184135e+00
5.400000000000000000e+01, -7.909774841135926771e+00
5.500000000000000000e+01, -8.041924367379314376e+00
5.600000000000000000e+01, -8.178016479940891870e+00
5.700000000000000000e+01, -8.288660359033386271e+00
5.800000000000000000e+01, -8.439819247459059426e+00
5.900000000000000000e+01, -8.569054275687802757e+00
6.000000000000000000e+01, -8.711606049583764388e+00
6.100000000000000000e+01, -8.842529333236978317e+00
6.200000000000000000e+01, -8.966334675592742443e+00
6.300000000000000000e+01, -9.103605391694232551e+00
6.400000000000000000e+01, -9.229481617461456011e+00
6.500000000000000000e+01, -9.363421167202274020e+00
6.600000000000000000e+01, -9.511564418175462166e+00
6.700000000000000000e+01, -9.625535127391946943e+00
6.800000000000000000e+01, -9.763153387037171171e+00
6.900000000000000000e+01, -9.885622443077599186e+00
7.000000000000000000e+01, -1.000379284781653055e+01
7.100000000000000000e+01, -1.016274869273360260e+01
7.200000000000000000e+01, -1.025718229167662088e+01
7.300000000000000000e+01, -1.041422957341587008e+01
7.400000000000000000e+01, -1.052299061338784014e+01
7.500000000000000000e+01, -1.065054881224464367e+01
7.600000000000000000e+01, -1.079714889581446080e+01
7.700000000000000000e+01, -1.090407604014994725e+01
7.800000000000000000e+01, -1.104527525667658949e+01
7.900000000000000000e+01, -1.115084558551457228e+01
8.000000000000000000e+01, -1.129933147502885049e+01
8.100000000000000000e+01, -1.141310607237926078e+01
8.200000000000000000e+01, -1.154260285668108743e+01
8.300000000000000000e+01, -1.167068978364693876e+01
8.400000000000000000e+01, -1.178262383100388355e+01
8.500000000000000000e+01, -1.193167201085367246e+01
8.600000000000000000e+01, -1.203149402922342404e+01
8.700000000000000000e+01, -1.217283266331507008e+01
8.800000000000000000e+01, -1.228471527229563875e+01
8.900000000000000000e+01, -1.241192049645000850e+01
9.000000000000000000e+01, -1.253649784745442730e+01
9.100000000000000000e+01, -1.265796392443668594e+01
9.200000000000000000e+01, -1.278098263100607568e+01
9.300000000000000000e+01, -1.291252916194592970e+01
9.400000000000000000e+01, -1.302820971164142705e+01
9.500000000000000000e+01, -1.315163849687291631e+01
9.600000000000000000e+01, -1.327582561049153576e+01
9.700000000000000000e+01, -1.339241966908994996e+01
9.800000000000000000e+01, -1.350778419120348772e+01
9.900000000000000000e+01, -1.364327731041278646e+01
1.000000000000000000e+02, -1.376325728651382718e+01
1.010000000000000000e+02, -1.388281808984882204e+01
1.020000000000000000e+02, -1.400486361132280422e+01
1.030000000000000000e+02, -1.412056641047800021e+01
1.040000000000000000e+02, -1.424148036440881171e+01
1.050000000000000000e+02, -1.437063557079747689e+01
1.060000000000000000e+02, -1.447974667610270316e+01
1.070000000000000000e+02, -1.460205523799108462e+01
1.080000000000000000e+02, -1.472002220774302117e+01
1.090000000000000000e+02, -1.484862265171696016e+01
1.100000000000000000e+02, -1.495392784536775288e+01
1.110000000000000000e+02, -1.508383507862518336e+01
1.120000000000000000e+02, -1.520486378421017548e+01
1.130000000000000000e+02, -1.531779994165277081e+01
1.140000000000000000e+02, -1.543602281630994000e+01
1.150000000000000000e+02, -1.555416791859735781e+01
1.160000000000000000e+02, -1.567710203503435196e+01
1.170000000000000000e+02, -1.579732389734512843e+01
1.180000000000000000e+02, -1.589153745930737394e+01
1.190000000000000000e+02, -1.603447525087950609e+01
1.200000000000000000e+02, -1.613842408122138039e+01
1.210000000000000000e+02, -1.626601261474616678e+01
1.220000000000000000e+02, -1.637720152512197203e+01
1.230000000000000000e+02, -1.648818523661672231e+01
1.240000000000000000e+02, -1.660567706551370648e+01
1.250000000000000000e+02, -1.671811406558122215e+01
1.260000000000000000e+02, -1.684563091805073398e+01
1.270000000000000000e+02, -1.695139520617458118e+01
1.280000000000000000e+02, -1.706621427352180476e+01
1.290000000000000000e+02, -1.718412657425411538e+01
1.300000000000000000e+02, -1.729806101633551663e+01
1.310000000000000000e+02, -1.740748158552349878e+01
1.320000000000000000e+02, -1.752490832887830052e+01
1.330000000000000000e+02, -1.763890263769593503e+01
1.340000000000000000e+02, -1.775753184756179692e+01
1.350000000000000000e+02, -1.785876004660420335e+01
1.360000000000000000e+02, -1.797110859023206331e+01
1.370000000000000000e+02, -1.808950178748840898e+01
1.380000000000000000e+02, -1.820592646051025554e+01
1.390000000000000000e+02, -1.831169159340853625e+01
1.400000000000000000e+02, -1.842554231103893514e+01
1.410000000000000000e+02, -1.852921554112072045e+01
1.420000000000000000e+02, -1.864596887630672839e+01
1.430000000000000000e+02, -1.875561469854185148e+01
1.440000000000000000e+02, -1.886195418158143866e+01
1.450000000000000000e+02, -1.897369504695847553e+01
1.460000000000000000e+02, -1.907881518478212612e+01
1.470000000000000000e+02, -1.919284446191587179e+01
1.480000000000000000e+02, -1.929330180222081381e+01
1.490000000000000000e+02, -1.940827749475981534e+01
1.500000000000000000e+02, -1.951636983143232484e+01
1.510000000000000000e+02, -1.962819576293998480e+01
1.520000000000000000e+02, -1.971979751931499081e+01
1.530000000000000000e+02, -1.983103439852776262e+01
1.540000000000000000e+02, -1.994706857242325171e+01
1.550000000000000000e+02, -2.003847194978729007e+01
1.560000000000000000e+02, -2.015225295848932063e+01
1.570000000000000000e+02, -2.025220583959029952e+01
1.580000000000000000e+02, -2.035852967318401952e+01
1.590000000000000000e+02, -2.046076774952582156e+01
1.600000000000000000e+02, -2.056667966491287913e+01
1.610000000000000000e+02, -2.066124351530378433e+01
1.620000000000000000e+02, -2.077497346962901403e+01
1.630000000000000000e+02, -2.086756070278670805e+01
1.640000000000000000e+02, -2.096826745917458368e+01
1.650000000000000000e+02, -2.106980310147505975e+01
1.660000000000000000e+02, -2.117356157889752311e+01
1.670000000000000000e+02, -2.126690561362315179e+01
1.680000000000000000e+02, -2.137219210473551456e+01
1.690000000000000000e+02, -2.146150794040342547e+01
1.700000000000000000e+02, -2.156483661699253318e+01
1.710000000000000000e+02, -2.165942898437330655e+01
1.720000000000000000e+02, -2.175421409362647296e+01
1.730000000000000000e+02, -2.186204804729708684e+01
1.740000000000000000e+02, -2.194305483815029234e+01
1.750000000000000000e+02, -2.203985671997361706e+01
1.760000000000000000e+02, -2.213172689289160999e+01
1.770000000000000000e+02, -2.223020603849543519e+01
1.780000000000000000e+02, -2.232092093342761530e+01
1.790000000000000000e+02, -2.240647358364996578e+01
1.800000000000000000e+02, -2.250160151897897620e+01
1.810000000000000000e+02, -2.258477587942961051e+01
1.820000000000000000e+02, -2.267552697517218974e+01
1.830000000000000000e+02, -2.276400435683943257e+01
1.840000000000000000e+02, -2.284378190678354059e+01
1.850000000000000000e+02, -2.293083914013047675e+01
1.860000000000000000e+02, -2.301047233126253388e+01
1.870000000000000000e+02, -2.308416729458398109e+01
1.880000000000000000e+02, -2.316983431584618103e+01
1.890000000000000000e+02, -2.324611447641418849e+01
1.900000000000000000e+02, -2.331170916233864787e+01
1.910000000000000000e+02, -2.337985514232678597e+01
