1.000000000000000000e+00, 1.749732464563362955e+00
2.000000000000000000e+00, 2.046729769235966501e+00
3.000000000000000000e+00, 1.499377967959514280e+00
4.000000000000000000e+00, 8.053734429969252595e-01
5.000000000000000000e+00, 5.547420463464058926e-01
6.000000000000000000e+00, 1.613064704821150219e-01
7.000000000000000000e+00, -3.970962840636848012e-01
8.000000000000000000e+00, -7.071835634954359850e-01
9.000000000000000000e+00, -1.014984139381700290e+00
1.000000000000000000e+01, -1.370864160016626254e+00
1.100000000000000000e+01, -1.863339311524950803e+00
1.200000000000000000e+01, -2.218585395167941954e+00
1.300000000000000000e+01, -2.420955896292069198e+00
1.400000000000000000e+01, -2.747004641043379269e+00
1.500000000000000000e+01, -3.139113492891667967e+00
1.600000000000000000e+01, -3.422625419549935266e+00
1.700000000000000000e+01, -3.689879881540993889e+00
1.800000000000000000e+01, -3.973089669793443246e+00
1.900000000000000000e+01, -4.309269925484291441e+00
2.000000000000000000e+01, -4.516007836848984880e+00
2.100000000000000000e+01, -4.857427019376147292e+00
2.200000000000000000e+01, -5.049925254348234027e+00
2.300000000000000000e+01, -5.362308288321795402e+00
2.400000000000000000e+01, -5.630492213927804634e+00
2.500000000000000000e+01, -5.884389314391061276e+00
2.600000000000000000e+01, -6.143600023399508281e+00
2.700000000000000000e+01, -6.393770747086535700e+00
2.800000000000000000e+01, -6.631471296711122676e+00
2.900000000000000000e+01, -6.871990670839075221e+00
3.000000000000000000e+01, -7.099831424322176510e+00
3.100000000000000000e+01, -7.377372032806547963e+00
3.200000000000000000e+01, -7.612686008459745857e+00
3.300000000000000000e+01, -7.854187744216734046e+00
3.400000000000000000e+01, -8.079844823561179723e+00
3.500000000000000000e+01, -8.308314426090808169e+00
3.600000000000000000e+01, -8.533357582259791130e+00
3.700000000000000000e+01, -8.770526723332707775e+00
3.800000000000000000e+01, -8.995985062484658457e+00
3.900000000000000000e+01, -9.254996484865221973e+00
4.000000000000000000e+01, -9.439824953963009690e+00
4.100000000000000000e+01, -9.682906170038229732e+00
4.200000000000000000e+01, -9.880081555985928077e+00
4.300000000000000000e+01, -1.014779880164518566e+01
4.400000000000000000e+01, -1.033924259876827101e+01
4.500000000000000000e+01, -1.057761188666684937e+01
4.600000000000000000e+01, -1.079684616653977436e+01
4.700000000000000000e+01, -1.101235782264983243e+01
4.800000000000000000e+01, -1.124624283932790547e+01
4.900000000000000000e+01, -1.142999962843583539e+01
5.000000000000000000e+01, -1.166589250707286674e+01
5.100000000000000000e+01, -1.188751947163985712e+01
5.200000000000000000e+01, -1.209810148849426170e+01
5.300000000000000000e+01, -1.230636935689984490e+01
5.400000000000000000e+01, -1.253817830139679224e+01
5.500000000000000000e+01, -1.274667886295083186e+01
5.600000000000000000e+01, -1.295926407912889822e+01
5.700000000000000000e+01, -1.314751966582487697e+01
5.800000000000000000e+01, -1.337654367289119328e+01
5.900000000000000000e+01, -1.358310657001482191e+01
6.000000000000000000e+01, -1.380305578152977120e+01
6.100000000000000000e+01, -1.401088494815739161e+01
6.200000000000000000e+01, -1.421210080568582512e+01
6.300000000000000000e+01, -1.442674496192229761e+01
6.400000000000000000e+01, -1.463013785321521354e+01
6.500000000000000000e+01, -1.484165117885590846e+01
6.600000000000000000e+01, -1.506667620081741177e+01
6.700000000000000000e+01, -1.525739763574319774e+01
6.800000000000000000e+01, -1.547166260591151854e+01
6.900000000000000000e+01, -1.567101143516909367e+01
7.000000000000000000e+01, -1.586670490196560124e+01
7.100000000000000000e+01, -1.610226020236751765e+01
7.200000000000000000e+01, -1.627370522672518405e+01
7.300000000000000000e+01, -1.650771664336533462e+01
7.400000000000000000e+01, -1.669295791828550080e+01
7.500000000000000000e+01, -1.689746485999981473e+01
7.600000000000000000e+01, -1.712056162245943014e+01
7.700000000000000000e+01, -1.730372517918889486e+01
7.800000000000000000e+01, -1.752150137702555099e+01
7.900000000000000000e+01, -1.770363162789011113e+01
8.000000000000000000e+01, -1.792834909937010934e+01
8.100000000000000000e+01, -1.811825292655824526e+01
8.200000000000000000e+01, -1.832373265110902949e+01
8.300000000000000000e+01, -1.852768040083072520e+01
8.400000000000000000e+01, -1.871570182131940641e+01
8.500000000000000000e+01, -1.894035271853085334e+01
8.600000000000000000e+01, -1.911540704589275208e+01
8.700000000000000000e+01, -1.933239956663870629e+01
8.800000000000000000e+01, -1.951973828855302173e+01
8.900000000000000000e+01, -1.972252094797801902e+01
9.000000000000000000e+01, -1.992244542421591547e+01
9.100000000000000000e+01, -2.011900465906525781e+01
9.200000000000000000e+01, -2.031702120708511572e+01
9.300000000000000000e+01, -2.052373107420780229e+01
9.400000000000000000e+01, -2.071377706325305468e+01
9.500000000000000000e+01, -2.091181289669323817e+01
9.600000000000000000e+01, -2.111055055083558329e+01
9.700000000000000000e+01, -2.130110060968909735e+01
9.800000000000000000e+01, -2.149134866841811942e+01
9.900000000000000000e+01, -2.170109329988097358e+01
1.000000000000000000e+02, -2.189444039459787561e+01
1.010000000000000000e+02, -2.208771302975386419e+01
1.020000000000000000e+02, -2.228319214222395672e+01
1.030000000000000000e+02, -2.247202856503514568e+01
1.040000000000000000e+02, -2.266598580430155963e+01
1.050000000000000000e+02, -2.286809098950248398e+01
1.060000000000000000e+02, -2.304910263647807867e+01
1.070000000000000000e+02, -2.324412969406449392e+01
1.080000000000000000e+02, -2.343372012756423217e+01
1.090000000000000000e+02, -2.363435739251013246e+01
1.100000000000000000e+02, -2.381071501438075444e+01
1.110000000000000000e+02, -2.401168374931313565e+01
1.120000000000000000e+02, -2.420279233448029998e+01
1.130000000000000000e+02, -2.438537505343808576e+01
1.140000000000000000e+02, -2.457324218695068296e+01
1.150000000000000000e+02, -2.476004824870209475e+01
1.160000000000000000e+02, -2.495132600141248247e+01
1.170000000000000000e+02, -2.513899631609487173e+01
1.180000000000000000e+02, -2.529986734061037978e+01
1.190000000000000000e+02, -2.550942125456808540e+01
1.200000000000000000e+02, -2.567830557072526787e+01
1.210000000000000000e+02, -2.587043254904455836e+01
1.220000000000000000e+02, -2.604470352482774587e+01
1.230000000000000000e+02, -2.621804016549416616e+01
1.240000000000000000e+02, -2.639709262054536509e+01
1.250000000000000000e+02, -2.656966437739758291e+01
1.260000000000000000e+02, -2.675597985012210600e+01
1.270000000000000000e+02, -2.691893136781921569e+01
1.280000000000000000e+02, -2.708973757754128897e+01
1.290000000000000000e+02, -2.726254880786136425e+01
1.300000000000000000e+02, -2.742842785419430740e+01
1.310000000000000000e+02, -2.758939642391675662e+01
1.320000000000000000e+02, -2.775588348462791188e+01
1.330000000000000000e+02, -2.791707890887420263e+01
1.340000000000000000e+02, -2.808039330593997462e+01
1.350000000000000000e+02, -2.822465467716704524e+01
1.360000000000000000e+02, -2.837790390766886262e+01
1.370000000000000000e+02, -2.853499462997029212e+01
1.380000000000000000e+02, -2.868700781664140820e+01
1.390000000000000000e+02, -2.882631020634725161e+01
1.400000000000000000e+02, -2.897137744994859787e+01
1.410000000000000000e+02, -2.910368062723304305e+01
1.420000000000000000e+02, -2.924598006097698644e+01
1.430000000000000000e+02, -2.937908874418812744e+01
1.440000000000000000e+02, -2.950644231473885171e+01
1.450000000000000000e+02, -2.963598452957625184e+01
1.460000000000000000e+02, -2.975622307763701713e+01
1.470000000000000000e+02, -2.988270944206244550e+01
1.480000000000000000e+02, -2.999450479483608589e+01
1.490000000000000000e+02, -3.011637270380100162e+01
1.500000000000000000e+02, -3.022959283668889086e+01
1.510000000000000000e+02, -3.034416846531968659e+01
1.520000000000000000e+02, -3.043610171215333793e+01
1.530000000000000000e+02, -3.054515244572154486e+01
1.540000000000000000e+02, -3.065678543253302024e+01
1.550000000000000000e+02, -3.074161546766207564e+01
1.560000000000000000e+02, -3.084731617705379136e+01
1.570000000000000000e+02, -3.093653282984729813e+01
1.580000000000000000e+02, -3.102981406634300754e+01
1.590000000000000000e+02, -3.111806911073955817e+01
1.600000000000000000e+02, -3.120787278954855637e+01
1.610000000000000000e+02, -3.128494309640696258e+01
1.620000000000000000e+02, -3.137896199631215666e+01
1.630000000000000000e+02, -3.145123657344741375e+01
1.640000000000000000e+02, -3.152962605115983408e+01
1.650000000000000000e+02, -3.160761272263481558e+01
1.660000000000000000e+02, -3.168676286353779403e+01
1.670000000000000000e+02, -3.175394813415509532e+01
1.680000000000000000e+02, -3.183253266644963020e+01
1.690000000000000000e+02, -3.189405208683353266e+01
1.700000000000000000e+02, -3.196827317234725641e+01
1.710000000000000000e+02, -3.203328874799701254e+01
1.720000000000000000e+02, -3.209724801345922174e+01
1.730000000000000000e+02, -3.217390892232869248e+01
1.740000000000000000e+02, -3.222297242947459495e+01
1.750000000000000000e+02, -3.228744533448109166e+01
1.760000000000000000e+02, -3.234579252044139253e+01
1.770000000000000000e+02, -3.241055954067319789e+01
1.780000000000000000e+02, -3.246765249297100553e+01
1.790000000000000000e+02, -3.251832946605910024e+01
1.800000000000000000e+02, -3.257867865741733482e+01
1.810000000000000000e+02, -3.262719413171102900e+01
1.820000000000000000e+02, -3.268238777537387563e+01
1.830000000000000000e+02, -3.273575234371035236e+01
1.840000000000000000e+02, -3.278003580589845001e+01
1.850000000000000000e+02, -3.283219171497889022e+01
1.860000000000000000e+02, -3.287636350639254346e+01
1.870000000000000000e+02, -3.291600476303895562e+01
1.880000000000000000e+02, -3.296667749436065264e+01
1.890000000000000000e+02, -3.301034800315139250e+01
1.900000000000000000e+02, -3.304336667888015455e+01
1.910000000000000000e+02, -3.308001095655780688e+01
