1.000000000000000000e+00, 2.309739133233956743e+00
2.000000000000000000e+00, 2.545079726618606042e+00
3.000000000000000000e+00, 1.842905622895532058e+00
4.000000000000000000e+00, 1.136294966767285475e+00
5.000000000000000000e+00, 9.793172190592301929e-01
6.000000000000000000e+00, 7.443810861762668596e-01
7.000000000000000000e+00, 3.476067543010538108e-01
8.000000000000000000e+00, 1.962514841986154890e-01
9.000000000000000000e+00, 4.814536038172401167e-02
1.000000000000000000e+01, -1.368007940429416258e-01
1.100000000000000000e+01, -4.751418425002717494e-01
1.200000000000000000e+01, -6.958697266500388778e-01
1.300000000000000000e+01, -7.627026446295988027e-01
1.400000000000000000e+01, -9.516457574177862311e-01
1.500000000000000000e+01, -1.211636436545239226e+00
1.600000000000000000e+01, -1.375732851606673579e+00
1.700000000000000000e+01, -1.523559833488416615e+00
1.800000000000000000e+01, -1.688257770504693500e+00
1.900000000000000000e+01, -1.911298462310958568e+00
2.000000000000000000e+01, -2.006788733080757225e+00
2.100000000000000000e+01, -2.237704466433389605e+00
2.200000000000000000e+01, -2.321085439438765441e+00
2.300000000000000000e+01, -2.524929178817943765e+00
2.400000000000000000e+01, -2.688159971986053609e+00
2.500000000000000000e+01, -2.839765351603088739e+00
2.600000000000000000e+01, -2.996552763874051006e+00
2.700000000000000000e+01, -3.146446618232601189e+00
2.800000000000000000e+01, -3.284575346022668096e+00
2.900000000000000000e+01, -3.424065833257229130e+00
3.000000000000000000e+01, -3.551247718774403150e+00
3.100000000000000000e+01, -3.728247886946097989e+00
3.200000000000000000e+01, -3.867216433979140611e+00
3.300000000000000000e+01, -4.011627875708625446e+00
3.400000000000000000e+01, -4.141556207523596989e+00
3.500000000000000000e+01, -4.272544451149198785e+00
3.600000000000000000e+01, -4.401072855962165242e+00
3.700000000000000000e+01, -4.540807343274467556e+00
3.800000000000000000e+01, -4.669256642169255400e+00
3.900000000000000000e+01, -4.833036820035154335e+00
4.000000000000000000e+01, -4.922718743900030169e+00
4.100000000000000000e+01, -5.068726508045478418e+00
4.200000000000000000e+01, -5.169144227975178474e+00
4.300000000000000000e+01, -5.340511794767627052e+00
4.400000000000000000e+01, -5.436718195327514103e+00
4.500000000000000000e+01, -5.578143651817674353e+00
4.600000000000000000e+01, -5.701864976934679419e+00
4.700000000000000000e+01, -5.821695527460267527e+00
4.800000000000000000e+01, -5.960601627606430419e+00
4.900000000000000000e+01, -6.048478784112337969e+00
5.000000000000000000e+01, -6.187215915950501355e+00
5.100000000000000000e+01, -6.314141721517072980e+00
5.200000000000000000e+01, -6.428866284994576574e+00
5.300000000000000000e+01, -6.540922924208985023e+00
5.400000000000000000e+01, -6.677248328033577707e+00
5.500000000000000000e+01, -6.791130551881093602e+00
5.600000000000000000e+01, -6.908703567252002742e+00
5.700000000000000000e+01, -7.001138315872367457e+00
5.800000000000000000e+01, -7.133527249233701184e+00
5.900000000000000000e+01, -7.244562641599217478e+00
6.000000000000000000e+01, -7.368915995045405509e+00
6.100000000000000000e+01, -7.481471729526213643e+00
6.200000000000000000e+01, -7.586787136902395368e+00
6.300000000000000000e+01, -7.705779387885492326e+00
6.400000000000000000e+01, -7.813212282322381519e+00
6.500000000000000000e+01, -7.929053126129097073e+00
6.600000000000000000e+01, -8.058691120357066140e+00
6.700000000000000000e+01, -8.154540030339903822e+00
6.800000000000000000e+01, -8.273817907843877606e+00
6.900000000000000000e+01, -8.378188714818447735e+00
7.000000000000000000e+01, -8.478019411595878907e+00
7.100000000000000000e+01, -8.618568684042413608e+00
7.200000000000000000e+01, -8.694794404737596238e+00
7.300000000000000000e+01, -8.833718801844950619e+00
7.400000000000000000e+01, -8.924260336774553437e+00
7.500000000000000000e+01, -9.033380246608711417e+00
7.600000000000000000e+01, -9.162097391861154350e+00
7.700000000000000000e+01, -9.250787167261613320e+00
7.800000000000000000e+01, -9.373869430137034442e+00
7.900000000000000000e+01, -9.461433770752408989e+00
8.000000000000000000e+01, -9.591613390075986345e+00
8.100000000000000000e+01, -9.687376263166640911e+00
8.200000000000000000e+01, -9.798782380324819741e+00
8.300000000000000000e+01, -9.908568075130848030e+00
8.400000000000000000e+01, -1.000260025668551300e+01
8.500000000000000000e+01, -1.013360374938687336e+01
8.600000000000000000e+01, -1.021534912872377809e+01
8.700000000000000000e+01, -1.033866592996305300e+01
8.800000000000000000e+01, -1.043268581134794459e+01
8.900000000000000000e+01, -1.054192636540630446e+01
9.000000000000000000e+01, -1.064842978627066650e+01
9.100000000000000000e+01, -1.075204872661322142e+01
9.200000000000000000e+01, -1.085706743092096538e+01
9.300000000000000000e+01, -1.097076777602037900e+01
9.400000000000000000e+01, -1.106865460706086779e+01
9.500000000000000000e+01, -1.117411223094465100e+01
9.600000000000000000e+01, -1.128073837402715007e+01
9.700000000000000000e+01, -1.137951373493112150e+01
9.800000000000000000e+01, -1.147694022868864749e+01
9.900000000000000000e+01, -1.159462723327477640e+01
1.000000000000000000e+02, -1.169703554744207885e+01
1.010000000000000000e+02, -1.179901780940561729e+01
1.020000000000000000e+02, -1.190358591572214841e+01
1.030000000000000000e+02, -1.200150533483851234e+01
1.040000000000000000e+02, -1.210505169485841748e+01
1.050000000000000000e+02, -1.221648524094753974e+01
1.060000000000000000e+02, -1.230811982680107874e+01
1.070000000000000000e+02, -1.241299533108680286e+01
1.080000000000000000e+02, -1.251368230906458123e+01
1.090000000000000000e+02, -1.262479132745571953e+01
1.100000000000000000e+02, -1.271285514535807692e+01
1.110000000000000000e+02, -1.282528966835320183e+01
1.120000000000000000e+02, -1.292929805210684613e+01
1.130000000000000000e+02, -1.302487297786369780e+01
1.140000000000000000e+02, -1.312609029537446759e+01
1.150000000000000000e+02, -1.322729475382127617e+01
1.160000000000000000e+02, -1.333299402966025404e+01
1.170000000000000000e+02, -1.343627190755423761e+01
1.180000000000000000e+02, -1.351365727992884658e+01
1.190000000000000000e+02, -1.363957156532893222e+01
1.200000000000000000e+02, -1.372667809511915848e+01
1.210000000000000000e+02, -1.383745987238538788e+01
1.220000000000000000e+02, -1.393221017329947031e+01
1.230000000000000000e+02, -1.402652577396679767e+01
1.240000000000000000e+02, -1.412728790928145628e+01
1.250000000000000000e+02, -1.422323673675755806e+01
1.260000000000000000e+02, -1.433440053293003480e+01
1.270000000000000000e+02, -1.442380835947420792e+01
1.280000000000000000e+02, -1.452226128067844790e+01
1.290000000000000000e+02, -1.462390606255024750e+01
1.300000000000000000e+02, -1.472184280178653282e+01
1.310000000000000000e+02, -1.481515645310604867e+01
1.320000000000000000e+02, -1.491663757214501018e+01
1.330000000000000000e+02, -1.501472231215045383e+01
1.340000000000000000e+02, -1.511772852035479531e+01
1.350000000000000000e+02, -1.520320688314550495e+01
1.360000000000000000e+02, -1.529985386091096267e+01
1.370000000000000000e+02, -1.540263869125637619e+01
1.380000000000000000e+02, -1.550380781155626586e+01
1.390000000000000000e+02, -1.559416818847899577e+01
1.400000000000000000e+02, -1.569293417436301574e+01
1.410000000000000000e+02, -1.578150551172605098e+01
1.420000000000000000e+02, -1.588330673759658396e+01
1.430000000000000000e+02, -1.597807945808589736e+01
1.440000000000000000e+02, -1.606956650415389376e+01
1.450000000000000000e+02, -1.616682280318623199e+01
1.460000000000000000e+02, -1.625732212589677061e+01
1.470000000000000000e+02, -1.635712277599415643e+01
1.480000000000000000e+02, -1.644301911472718203e+01
1.490000000000000000e+02, -1.654405985627841247e+01
1.500000000000000000e+02, -1.663816517701389586e+01
1.510000000000000000e+02, -1.673625383491171092e+01
1.520000000000000000e+02, -1.681408336627936251e+01
1.530000000000000000e+02, -1.691176024339118200e+01
1.540000000000000000e+02, -1.701442435556299060e+01
1.550000000000000000e+02, -1.709261668616814234e+01
1.560000000000000000e+02, -1.719313285198203189e+01
1.570000000000000000e+02, -1.728022064124109392e+01
1.580000000000000000e+02, -1.737385597797943859e+01
1.590000000000000000e+02, -1.746342759321556315e+01
1.600000000000000000e+02, -1.755691494222323001e+01
1.610000000000000000e+02, -1.763913200806280202e+01
1.620000000000000000e+02, -1.774075982242770522e+01
1.630000000000000000e+02, -1.782143542578207374e+01
1.640000000000000000e+02, -1.791044129200140489e+01
1.650000000000000000e+02, -1.800035879730302213e+01
1.660000000000000000e+02, -1.809286549605022287e+01
1.670000000000000000e+02, -1.817496231520131289e+01
1.680000000000000000e+02, -1.826921280591480468e+01
1.690000000000000000e+02, -1.834761037375119130e+01
1.700000000000000000e+02, -1.844033194076750704e+01
1.710000000000000000e+02, -1.852445768828019723e+01
1.720000000000000000e+02, -1.860878461894565206e+01
1.730000000000000000e+02, -1.870655463080713332e+01
1.740000000000000000e+02, -1.877759178668438267e+01
1.750000000000000000e+02, -1.886470004279782486e+01
1.760000000000000000e+02, -1.894704509143659621e+01
1.770000000000000000e+02, -1.903609023609310924e+01
1.780000000000000000e+02, -1.911746271849225565e+01
1.790000000000000000e+02, -1.919408740950332515e+01
1.800000000000000000e+02, -1.928035554936364449e+01
1.810000000000000000e+02, -1.935481545557501448e+01
1.820000000000000000e+02, -1.943698036310284039e+01
1.830000000000000000e+02, -1.951707856262065732e+01
1.840000000000000000e+02, -1.958879083945750565e+01
1.850000000000000000e+02, -1.966786040842329442e+01
1.860000000000000000e+02, -1.973984412732308158e+01
1.870000000000000000e+02, -1.980594321333176921e+01
1.880000000000000000e+02, -1.988433054221118113e+01
1.890000000000000000e+02, -1.995364705354472790e+01
1.900000000000000000e+02, -2.001271827580075424e+01
1.910000000000000000e+02, -2.007464565101242826e+01
