1.000000000000000000e+00, 2.543720931426209475e+00
2.000000000000000000e+00, 2.765964946606550345e+00
3.000000000000000000e+00, 2.051973456180577138e+00
4.000000000000000000e+00, 1.281262401934049944e+00
5.000000000000000000e+00, 1.105448174849116949e+00
6.000000000000000000e+00, 8.758146169303133721e-01
7.000000000000000000e+00, 4.977397298396785130e-01
8.000000000000000000e+00, 3.665121898752103924e-01
9.000000000000000000e+00, 2.585040135964233321e-01
1.000000000000000000e+01, 1.115535085494663153e-01
1.100000000000000000e+01, -1.854179096623146117e-01
1.200000000000000000e+01, -3.687702639745171762e-01
1.300000000000000000e+01, -3.979390826198941356e-01
1.400000000000000000e+01, -5.456168685469540147e-01
1.500000000000000000e+01, -7.672910210513622653e-01
1.600000000000000000e+01, -8.939063626666007290e-01
1.700000000000000000e+01, -1.005026500468472861e+00
1.800000000000000000e+01, -1.134071529958375457e+00
1.900000000000000000e+01, -1.322357931067442927e+00
2.000000000000000000e+01, -1.385003213162475211e+00
2.100000000000000000e+01, -1.583933259633170554e+00
2.200000000000000000e+01, -1.635803912675797278e+00
2.300000000000000000e+01, -1.808088659166371848e+00
2.400000000000000000e+01, -1.941520905332485780e+00
2.500000000000000000e+01, -2.063347822610138493e+00
2.600000000000000000e+01, -2.191840373896312588e+00
2.700000000000000000e+01, -2.313997398288688778e+00
2.800000000000000000e+01, -2.424903056097171827e+00
2.900000000000000000e+01, -2.537343538084524397e+00
3.000000000000000000e+01, -2.638183500035333751e+00
3.100000000000000000e+01, -2.789156693962393518e+00
3.200000000000000000e+01, -2.902806429492960749e+00
3.300000000000000000e+01, -3.021537667000564031e+00
3.400000000000000000e+01, -3.126685807721672372e+00
3.500000000000000000e+01, -3.233799630798061653e+00
3.600000000000000000e+01, -3.338493156067194878e+00
3.700000000000000000e+01, -3.453918825986956875e+00
3.800000000000000000e+01, -3.559101864556714734e+00
3.900000000000000000e+01, -3.699856969881808233e+00
4.000000000000000000e+01, -3.766960641243342511e+00
4.100000000000000000e+01, -3.890104510757688150e+00
4.200000000000000000e+01, -3.967769021041315014e+00
4.300000000000000000e+01, -4.116711073688284372e+00
4.400000000000000000e+01, -4.191191412771094527e+00
4.500000000000000000e+01, -4.310611383684448406e+00
4.600000000000000000e+01, -4.412583253388329574e+00
4.700000000000000000e+01, -4.511077679455211431e+00
4.800000000000000000e+01, -4.628799135123450093e+00
4.900000000000000000e+01, -4.695381471915426097e+00
5.000000000000000000e+01, -4.813020981633466810e+00
5.100000000000000000e+01, -4.918865768147730577e+00
5.200000000000000000e+01, -5.012759290533788104e+00
5.300000000000000000e+01, -5.104361361773189998e+00
5.400000000000000000e+01, -5.219755545937462493e+00
5.500000000000000000e+01, -5.313224703178747177e+00
5.600000000000000000e+01, -5.410785352590061770e+00
5.700000000000000000e+01, -5.482586414760204363e+00
5.800000000000000000e+01, -5.594554519711493867e+00
5.900000000000000000e+01, -5.685260987900585761e+00
6.000000000000000000e+01, -5.789287844845022235e+00
6.100000000000000000e+01, -5.881706714135186864e+00
6.200000000000000000e+01, -5.967103633763970905e+00
6.300000000000000000e+01, -6.065995203165039484e+00
6.400000000000000000e+01, -6.153306765635276676e+00
6.500000000000000000e+01, -6.248872477589519470e+00
6.600000000000000000e+01, -6.358914991333083577e+00
6.700000000000000000e+01, -6.434943915295813888e+00
6.800000000000000000e+01, -6.534238626668793515e+00
6.900000000000000000e+01, -6.618983101033026450e+00
7.000000000000000000e+01, -6.698765680682928547e+00
7.100000000000000000e+01, -6.819543400628528929e+00
7.200000000000000000e+01, -6.876092875041617702e+00
7.300000000000000000e+01, -6.995196888380032618e+00
7.400000000000000000e+01, -7.065989001979418482e+00
7.500000000000000000e+01, -7.155449820767658231e+00
7.600000000000000000e+01, -7.264267188354404325e+00
7.700000000000000000e+01, -7.333512820771867169e+00
7.800000000000000000e+01, -7.436965112129167110e+00
7.900000000000000000e+01, -7.504499455764167770e+00
8.000000000000000000e+01, -7.615277933432366808e+00
8.100000000000000000e+01, -7.691110534108931418e+00
8.200000000000000000e+01, -7.782999002711183500e+00
8.300000000000000000e+01, -7.873320768205445574e+00
8.400000000000000000e+01, -7.947693511855852044e+00
8.500000000000000000e+01, -8.059196354884196722e+00
8.600000000000000000e+01, -8.121398195669051745e+00
8.700000000000000000e+01, -8.225111520344215776e+00
8.800000000000000000e+01, -8.299490937504870658e+00
8.900000000000000000e+01, -8.389194009335628976e+00
9.000000000000000000e+01, -8.476049611901924408e+00
9.100000000000000000e+01, -8.560064426431654994e+00
9.200000000000000000e+01, -8.645580117308904633e+00
9.300000000000000000e+01, -8.739852876978401852e+00
9.400000000000000000e+01, -8.818196807653617242e+00
9.500000000000000000e+01, -8.904146474231216857e+00
9.600000000000000000e+01, -8.991390906510071446e+00
9.700000000000000000e+01, -9.070574533979321785e+00
9.800000000000000000e+01, -9.148387611620130144e+00
9.900000000000000000e+01, -9.246741144586097860e+00
1.000000000000000000e+02, -9.329632972129989099e+00
1.010000000000000000e+02, -9.412261281324576956e+00
1.020000000000000000e+02, -9.497303708902640196e+00
1.030000000000000000e+02, -9.576016372778008545e+00
1.040000000000000000e+02, -9.660079178627574592e+00
1.050000000000000000e+02, -9.752286182569173789e+00
1.060000000000000000e+02, -9.824622195836886007e+00
1.070000000000000000e+02, -9.910012710592082996e+00
1.080000000000000000e+02, -9.991382401239086164e+00
1.090000000000000000e+02, -1.008325282592127436e+01
1.100000000000000000e+02, -1.015217262119195496e+01
1.110000000000000000e+02, -1.024517432428566366e+01
1.120000000000000000e+02, -1.033007180382933576e+01
1.130000000000000000e+02, -1.040658993857252668e+01
1.140000000000000000e+02, -1.048855303822296747e+01
1.150000000000000000e+02, -1.057056589644208344e+01
1.160000000000000000e+02, -1.065728000461270497e+01
1.170000000000000000e+02, -1.074166111144702640e+01
1.180000000000000000e+02, -1.079992799956846206e+01
1.190000000000000000e+02, -1.090686535682921665e+01
1.200000000000000000e+02, -1.097512051642904751e+01
1.210000000000000000e+02, -1.106695243073016677e+01
1.220000000000000000e+02, -1.114294695385120626e+01
1.230000000000000000e+02, -1.121841907983858988e+01
1.240000000000000000e+02, -1.130049208676158834e+01
1.250000000000000000e+02, -1.137751895805471669e+01
1.260000000000000000e+02, -1.147001172765271271e+01
1.270000000000000000e+02, -1.154093166941079218e+01
1.280000000000000000e+02, -1.162080502615153321e+01
1.290000000000000000e+02, -1.170390308736915586e+01
1.300000000000000000e+02, -1.178341452034011283e+01
1.310000000000000000e+02, -1.185829718641303998e+01
1.320000000000000000e+02, -1.194135232798507751e+01
1.330000000000000000e+02, -1.202111983397443318e+01
1.340000000000000000e+02, -1.210590178109157122e+01
1.350000000000000000e+02, -1.217332245586556283e+01
1.360000000000000000e+02, -1.225175674703142725e+01
1.370000000000000000e+02, -1.233639369754875226e+01
1.380000000000000000e+02, -1.241966439349154960e+01
1.390000000000000000e+02, -1.249229350714630371e+01
1.400000000000000000e+02, -1.257306202762425329e+01
1.410000000000000000e+02, -1.264395138418718467e+01
1.420000000000000000e+02, -1.272805365021924651e+01
1.430000000000000000e+02, -1.280527206388244110e+01
1.440000000000000000e+02, -1.287922745005520397e+01
1.450000000000000000e+02, -1.295904633181379317e+01
1.460000000000000000e+02, -1.303213261260800060e+01
1.470000000000000000e+02, -1.311461202165090612e+01
1.480000000000000000e+02, -1.318324419670089931e+01
1.490000000000000000e+02, -1.326712561298655402e+01
1.500000000000000000e+02, -1.334423063846595703e+01
1.510000000000000000e+02, -1.342551212915460113e+01
1.520000000000000000e+02, -1.348646529242239644e+01
1.530000000000000000e+02, -1.356739343905069184e+01
1.540000000000000000e+02, -1.365341068908711364e+01
1.550000000000000000e+02, -1.371514376731113138e+01
1.560000000000000000e+02, -1.379904485762422617e+01
1.570000000000000000e+02, -1.386978740436266477e+01
1.580000000000000000e+02, -1.394723938296868582e+01
1.590000000000000000e+02, -1.402048838547929499e+01
1.600000000000000000e+02, -1.409797772995175080e+01
1.610000000000000000e+02, -1.416422897963430927e+01
1.620000000000000000e+02, -1.424992416743152823e+01
1.630000000000000000e+02, -1.431475309594633671e+01
1.640000000000000000e+02, -1.438802219447345010e+01
1.650000000000000000e+02, -1.446225917023659058e+01
1.660000000000000000e+02, -1.453921221918542628e+01
1.670000000000000000e+02, -1.460583731554708287e+01
1.680000000000000000e+02, -1.468470905479490618e+01
1.690000000000000000e+02, -1.474780249424949297e+01
1.700000000000000000e+02, -1.482510920740057259e+01
1.710000000000000000e+02, -1.489409608468112367e+01
1.720000000000000000e+02, -1.496343175689751881e+01
1.730000000000000000e+02, -1.504603168012748426e+01
1.740000000000000000e+02, -1.510231121064215998e+01
1.750000000000000000e+02, -1.517418949173559106e+01
1.760000000000000000e+02, -1.524149885979155883e+01
1.770000000000000000e+02, -1.531586482573347574e+01
1.780000000000000000e+02, -1.538232209334246825e+01
1.790000000000000000e+02, -1.544426668056987673e+01
1.800000000000000000e+02, -1.551561392548570062e+01
1.810000000000000000e+02, -1.557543189334952061e+01
1.820000000000000000e+02, -1.564296052368758438e+01
1.830000000000000000e+02, -1.570839650150905698e+01
1.840000000000000000e+02, -1.576555523008362769e+01
1.850000000000000000e+02, -1.583021518236944836e+01
1.860000000000000000e+02, -1.588786049737584882e+01
1.870000000000000000e+02, -1.593991122305407337e+01
1.880000000000000000e+02, -1.600444989926618078e+01
1.890000000000000000e+02, -1.606018882543036597e+01
1.900000000000000000e+02, -1.610606996207116737e+01
1.910000000000000000e+02, -1.615546486180197405e+01
