1.000000000000000000e+00, 2.750455351017709660e+00
2.000000000000000000e+00, 2.935691344300481287e+00
3.000000000000000000e+00, 2.211739760697930990e+00
4.000000000000000000e+00, 1.391770600568767779e+00
5.000000000000000000e+00, 1.194789319630037205e+00
6.000000000000000000e+00, 9.469870007656490118e-01
7.000000000000000000e+00, 5.705506285527095489e-01
8.000000000000000000e+00, 4.545869778846858278e-01
9.000000000000000000e+00, 3.551091534853579867e-01
1.000000000000000000e+01, 2.246870947277155306e-01
1.100000000000000000e+01, -5.729899044276862141e-02
1.200000000000000000e+01, -2.222411251835370305e-01
1.300000000000000000e+01, -2.307178016319934299e-01
1.400000000000000000e+01, -3.584712670890535247e-01
1.500000000000000000e+01, -5.622902707882044826e-01
1.600000000000000000e+01, -6.697451868953746557e-01
1.700000000000000000e+01, -7.628947133767662869e-01
1.800000000000000000e+01, -8.723760178194646109e-01
1.900000000000000000e+01, -1.043660136922241799e+00
2.000000000000000000e+01, -1.088509871036938748e+00
2.100000000000000000e+01, -1.269690384419007279e+00
2.200000000000000000e+01, -1.304244798088862511e+00
2.300000000000000000e+01, -1.460010252543644915e+00
2.400000000000000000e+01, -1.576748313947984759e+00
2.500000000000000000e+01, -1.683419672998909711e+00
2.600000000000000000e+01, -1.796360013427969582e+00
2.700000000000000000e+01, -1.903862945864612577e+00
2.800000000000000000e+01, -1.999739445140193084e+00
2.900000000000000000e+01, -2.097765938728210600e+00
3.000000000000000000e+01, -2.183608331680158443e+00
3.100000000000000000e+01, -2.320772704643515372e+00
3.200000000000000000e+01, -2.420966339962601577e+00
3.300000000000000000e+01, -2.526910579006258040e+00
3.400000000000000000e+01, -2.618646284401538793e+00
3.500000000000000000e+01, -2.713262004433476093e+00
3.600000000000000000e+01, -2.804892644240913668e+00
3.700000000000000000e+01, -2.908201587561726864e+00
3.800000000000000000e+01, -3.001070596566788318e+00
3.900000000000000000e+01, -3.129633179559773382e+00
4.000000000000000000e+01, -3.184829192626119632e+00
4.100000000000000000e+01, -3.296441428054440514e+00
4.200000000000000000e+01, -3.362430394145738966e+00
4.300000000000000000e+01, -3.499913220804435454e+00
4.400000000000000000e+01, -3.562915132975995380e+00
4.500000000000000000e+01, -3.671435329618506493e+00
4.600000000000000000e+01, -3.762574482261076714e+00
4.700000000000000000e+01, -3.850121066614538901e+00
4.800000000000000000e+01, -3.957081449971197706e+00
4.900000000000000000e+01, -4.013187025597799718e+00
5.000000000000000000e+01, -4.120006990408656478e+00
5.100000000000000000e+01, -4.215552746538934414e+00
5.200000000000000000e+01, -4.299100458296765126e+00
5.300000000000000000e+01, -4.380283374674068142e+00
5.400000000000000000e+01, -4.485932753763218095e+00
5.500000000000000000e+01, -4.569284518906804315e+00
5.600000000000000000e+01, -4.656817864040141863e+00
5.700000000000000000e+01, -4.718717555052743151e+00
5.800000000000000000e+01, -4.820762134743827865e+00
5.900000000000000000e+01, -4.901674843002264303e+00
6.000000000000000000e+01, -4.995964896415743262e+00
6.100000000000000000e+01, -5.078810787322300513e+00
6.200000000000000000e+01, -5.154395625437784290e+00
6.300000000000000000e+01, -5.243812601725854172e+00
6.400000000000000000e+01, -5.321533526291856830e+00
6.500000000000000000e+01, -5.407469078001494012e+00
6.600000000000000000e+01, -5.508323719833957632e+00
6.700000000000000000e+01, -5.574925083771357315e+00
6.800000000000000000e+01, -5.664915103545670405e+00
6.900000000000000000e+01, -5.740042033450809988e+00
7.000000000000000000e+01, -5.810824403644953229e+00
7.100000000000000000e+01, -5.922320835975634523e+00
7.200000000000000000e+01, -5.969664707270889714e+00
7.300000000000000000e+01, -6.079609418274737109e+00
7.400000000000000000e+01, -6.141301089939231517e+00
7.500000000000000000e+01, -6.221518014261041785e+00
7.600000000000000000e+01, -6.321158610512645382e+00
7.700000000000000000e+01, -6.381384814125418359e+00
7.800000000000000000e+01, -6.475552892550078710e+00
7.900000000000000000e+01, -6.534340277473551950e+00
8.000000000000000000e+01, -6.635854179343251502e+00
8.100000000000000000e+01, -6.702910838920201009e+00
8.200000000000000000e+01, -6.785567900257508889e+00
8.300000000000000000e+01, -6.866961842611715383e+00
8.400000000000000000e+01, -6.932253308183164542e+00
8.500000000000000000e+01, -7.034716741619753577e+00
8.600000000000000000e+01, -7.087910827956062754e+00
8.700000000000000000e+01, -7.182790827169388770e+00
8.800000000000000000e+01, -7.248158654688093172e+00
8.900000000000000000e+01, -7.329002174088118160e+00
9.000000000000000000e+01, -7.406748259183385308e+00
9.100000000000000000e+01, -7.481996251316788360e+00
9.200000000000000000e+01, -7.558458169366566892e+00
9.300000000000000000e+01, -7.643785677330657613e+00
9.400000000000000000e+01, -7.713264244103329226e+00
9.500000000000000000e+01, -7.790402019408563916e+00
9.600000000000000000e+01, -7.868675278422239572e+00
9.700000000000000000e+01, -7.938967532628240953e+00
9.800000000000000000e+01, -8.007994246914631020e+00
9.900000000000000000e+01, -8.097309312243597290e+00
1.000000000000000000e+02, -8.171263090469013335e+00
1.010000000000000000e+02, -8.245089011429143966e+00
1.020000000000000000e+02, -8.321258409308887494e+00
1.030000000000000000e+02, -8.391222353790606547e+00
1.040000000000000000e+02, -8.466206918362980005e+00
1.050000000000000000e+02, -8.549638241782888670e+00
1.060000000000000000e+02, -8.613047703446605752e+00
1.070000000000000000e+02, -8.689603766711988087e+00
1.080000000000000000e+02, -8.762186153621554396e+00
1.090000000000000000e+02, -8.845095383456575533e+00
1.100000000000000000e+02, -8.905082307885626491e+00
1.110000000000000000e+02, -8.989328218229095668e+00
1.120000000000000000e+02, -9.065311474490824750e+00
1.130000000000000000e+02, -9.133023215182511478e+00
1.140000000000000000e+02, -9.206134917763005632e+00
1.150000000000000000e+02, -9.279312315614118845e+00
1.160000000000000000e+02, -9.357284061049366386e+00
1.170000000000000000e+02, -9.432917590847953448e+00
1.180000000000000000e+02, -9.482248315297322705e+00
1.190000000000000000e+02, -9.580237672629026591e+00
1.200000000000000000e+02, -9.639801834542053527e+00
1.210000000000000000e+02, -9.722811900611388225e+00
1.220000000000000000e+02, -9.790011838030595825e+00
1.230000000000000000e+02, -9.856742016160161768e+00
1.240000000000000000e+02, -9.929965095013969290e+00
1.250000000000000000e+02, -9.998157048071330877e+00
1.260000000000000000e+02, -1.008186551521847463e+01
1.270000000000000000e+02, -1.014420779572127884e+01
1.280000000000000000e+02, -1.021514892582058742e+01
1.290000000000000000e+02, -1.028962224062355446e+01
1.300000000000000000e+02, -1.036036212639279874e+01
1.310000000000000000e+02, -1.042652326191073087e+01
1.320000000000000000e+02, -1.050080417850133507e+01
1.330000000000000000e+02, -1.057194138702961617e+01
1.340000000000000000e+02, -1.064822315586528667e+01
1.350000000000000000e+02, -1.070679799674852894e+01
1.360000000000000000e+02, -1.077662228905005470e+01
1.370000000000000000e+02, -1.085263917081562113e+01
1.380000000000000000e+02, -1.092720547205386872e+01
1.390000000000000000e+02, -1.099123238716419237e+01
1.400000000000000000e+02, -1.106347669718212856e+01
1.410000000000000000e+02, -1.112581641410359090e+01
1.420000000000000000e+02, -1.120124978006779060e+01
1.430000000000000000e+02, -1.126999638091168343e+01
1.440000000000000000e+02, -1.133538466096882757e+01
1.450000000000000000e+02, -1.140658493726729361e+01
1.460000000000000000e+02, -1.147122373901404835e+01
1.470000000000000000e+02, -1.154519665883650958e+01
1.480000000000000000e+02, -1.160545946356156932e+01
1.490000000000000000e+02, -1.168090118039295255e+01
1.500000000000000000e+02, -1.174956939718001259e+01
1.510000000000000000e+02, -1.182247959669217430e+01
1.520000000000000000e+02, -1.187493081040143572e+01
1.530000000000000000e+02, -1.194739483749346221e+01
1.540000000000000000e+02, -1.202510493278223969e+01
1.550000000000000000e+02, -1.207851127744558895e+01
1.560000000000000000e+02, -1.215405996052954762e+01
1.570000000000000000e+02, -1.221639367751743954e+01
1.580000000000000000e+02, -1.228559964944410510e+01
1.590000000000000000e+02, -1.235054474123873369e+01
1.600000000000000000e+02, -1.241973915469407963e+01
1.610000000000000000e+02, -1.247767198825632207e+01
1.620000000000000000e+02, -1.255516477093408767e+01
1.630000000000000000e+02, -1.261171810198302090e+01
1.640000000000000000e+02, -1.267671078159285258e+01
1.650000000000000000e+02, -1.274272587790334832e+01
1.660000000000000000e+02, -1.281134863726862072e+01
1.670000000000000000e+02, -1.286972220572575054e+01
1.680000000000000000e+02, -1.294030904805977400e+01
1.690000000000000000e+02, -1.299512874642601190e+01
1.700000000000000000e+02, -1.306419346138067894e+01
1.710000000000000000e+02, -1.312477297739721926e+01
1.720000000000000000e+02, -1.318588145789581390e+01
1.730000000000000000e+02, -1.326009838342982583e+01
1.740000000000000000e+02, -1.330811066396011100e+01
1.750000000000000000e+02, -1.337153473351565580e+01
1.760000000000000000e+02, -1.343041205795165105e+01
1.770000000000000000e+02, -1.349646959713178163e+01
1.780000000000000000e+02, -1.355441474292280013e+01
1.790000000000000000e+02, -1.360804076524966355e+01
1.800000000000000000e+02, -1.367062987944431640e+01
1.810000000000000000e+02, -1.372204426670087507e+01
1.820000000000000000e+02, -1.378114262046923422e+01
1.830000000000000000e+02, -1.383814362484631388e+01
1.840000000000000000e+02, -1.388679830037900942e+01
1.850000000000000000e+02, -1.394279261198076014e+01
1.860000000000000000e+02, -1.399214441179817570e+01
1.870000000000000000e+02, -1.403588740883099995e+01
1.880000000000000000e+02, -1.409215070793281122e+01
1.890000000000000000e+02, -1.413996901136254003e+01
1.900000000000000000e+02, -1.417819051206194736e+01
1.910000000000000000e+02, -1.422008386775846844e+01
